5457.28683035655195
4905.53090036306185
4388.18153183557843
3886.05448148008372
3382.00317886721359
2864.23772175988825
2327.58161714070911
1773.25762103431362
1207.52454390076468
639.63085754850829
79.81466979485440
-462.35021914568495
-979.16826232214692
-1465.38312688588144
-1918.00803238907702
-2335.64938390390807
-2717.89645480739227
-3065.13974505775013
-3378.40541893259388
-3658.98213625574772
-3908.35814133282884
-4128.51717328061295
-4322.07566417985981
-4492.28255649128005
-4643.07082046557480
-4778.89642760767765
-4904.35308819216152
-5023.82095307630334
-5140.99098140171645
-5258.21855795290321
-5376.23682820965405
-5494.50997134413774
-5611.85459596127112
-5726.85402427695863
-5837.84957988014594
-5942.78095254466461
-6039.36083711152514
-6125.49807189262447
-6199.63074094858621
-6260.91682115832464
-6309.22585563802477
-6344.96959996869009
-6368.90821339363083
-6381.86671552794087
-6384.36799529523978
-6376.29944265479753
-6356.61387339418525
-6323.19812668104260
-6273.09102073996928
-6202.88729037827216
-6109.16763132659617
-5989.17059626426180
-5841.70201654378252
-5667.72912063462445
-5470.23604478350080
-5253.43151388444585
-5021.73066095805098
-4779.00779840766518
-4528.36084991154530
-4272.19944650599518
-4012.29875860694483
-3749.74863563171311
-3484.90423762876890
-3217.32374487653624
-2945.81972437049899
-2668.75133859698008
-2384.35135090376980
-2091.03190769325965
-1787.79767756685078
-1474.49400763788026
-1151.68222247213362
-820.54084091199275
-482.95173116821087
-141.29645499584291
202.21717139672137
546.23747823403289
890.54301520593708
1235.90290961807364
1583.62751130596894
1934.93124350813218
2290.36073110962798
2649.45316411604063
3010.63481889496506
3371.44435903709473
3729.16450978451439
4081.64717862684574
4427.92088325715122
4768.38086071448197
5104.53294870446189
5438.42761596294622
5772.35165018259977
6108.70385910086679
6449.07207120292878
6792.90556280526744
7137.07733858649590
7475.94636226565763
7801.03999098267104
8100.75729464849792
8360.73669863384202
8564.98496565716596
8697.68272899153271
8745.35511463619878
8698.70740221034612
8553.53208908522902
8310.73354643471248
7976.02003724091446
7559.50276977372414
7074.90841700472811
6538.39308560298741
5967.30360271731752
5379.04814730563157
4790.14710061901587
4215.48015331084116
3667.56013683567062
3155.81829524877594
2686.13905344185832
2260.77272257297136
1878.67607635669629
1536.34925765763523
1228.96424069359250
951.39996691717181
698.94508986840606
467.54527504059087
253.72817673149362
54.60746176177231
-132.00587576944847
-307.71428697556428
-473.84324283778250
-631.71112150164049
-782.70199196087401
-928.15946556891834
-1069.33142466488584
-1207.36753336392235
-1343.31291970425377
-1478.08103755317734
-1612.16648637234630
-1745.18858210287522
-1875.70407436284495
-2001.46688109226534
-2120.08936859032656
-2229.98590245118385
-2331.18207646912560
-2425.42536294118599
-2515.60969254589691
-2605.01614742569291
-2696.50535935082598
-2791.63537614395955
-2890.07747091815145
-2989.60163876472279
-3086.46363359931638
-3175.91217730132121
-3252.74715119782559
-3312.03454716561328
-3349.83416424690404
-3363.67564306667828
-3352.80211511164862
-3318.17688690023260
-3262.12657914778174
-3187.79297043298084
-3098.57453919923728
-2997.45874242508398
-2886.41915145993607
-2766.21341545610267
-2636.63238635267044
-2497.17046633226482
-2347.68814255140796
-2188.43769043532620
-2019.71684649832264
-1841.75213233014142
-1654.83367236778099
-1459.50877270853607
-1256.64489051640362
-1047.31840974575675
-832.70628112343366
-614.02981628695647
-392.55504390059809
-169.72470167872729
52.68912175016960
272.64048619985022
488.11844028250658
697.42113860310553
899.18730128167931
1092.46839797210214
1277.08256585736740
1453.85458169209232
1624.29564835436895
1790.26957825004752
1954.37286006134173
2120.49283991482343
2293.69164327157796
2479.49898317281713
2683.06713105762856
2908.26257774117539
3156.52482725881373
3425.61646960775670
3708.62364201584160
3993.40923626637232
4262.72534142155109
4495.28961677890857
4667.92933824709962
4758.48804025483059
4748.86629370678565
4627.54891255916118
4391.08571866537568
4044.17075968847666
3598.51911066334878
3071.23075837992337
2483.00575859216042
1856.11884473691816
1212.35588871085383
571.52583778772555
-49.19251931522105
-635.54736988321577
-1176.60088480813101
-1664.97830765310709
-2096.74655774886196
-2471.16329589441148
-2790.51976820963773
-3059.97825001240017
-3287.17001921100245
-3481.49742157580113
-3653.25747910715745
-3812.64490072319859
-3968.67389629070613
-4128.21434315853276
-4295.36342631275420
-4471.28865675461293
-4654.64793314571671
-4842.38501660861766
-5030.52792846191642
-5214.98521374421398
-5392.24577402869181
-5559.61381117985093
-5715.15740825607008
-5857.67216885987364
-5986.45726051373822
-6100.85720040674005
-6199.81167653330249
-6281.62031912101156
-6344.00429963402621
-6384.37491276815308
-6400.14154402958684
-6388.85161515455911
-6348.24442375299532
-6276.51874637433957
-6172.70933115094067
-6036.89735584872869
-5870.18304879443531
-5674.63580525230827
-5453.36960561389333
-5210.25378690605612
-4949.13325016884755
-4673.18817663580285
-4384.61361314912210
-4084.49822866503837
-3772.90679161884464
-3449.04233562620766
-3111.61424324409654
-2759.59104086543402
-2392.93743795132968
-2012.96446830599075
-1622.39247176119193
-1225.15228879423989
-825.83323384398363
-428.97108531366700
-38.51784368662601
342.49514182943068
712.23351127745991
1070.04783126298571
1416.05327056306101
1750.66472183776818
2074.34710405593023
2387.60308876741965
2691.08418104412522
2985.49402715163933
3271.30975715750628
3548.76261996362291
3818.14851548604156
4080.12968745530134
4335.80485936218520
4586.60351514945705
4834.09398777983188
5079.73798891735350
5324.79442207073771
5570.61765353653755
5819.17921832113097
6073.34056604484340
6336.67474142522678
6612.96714101846919
6905.55449496832898
7216.53327127557259
7545.76996375950239
7889.74569474448435
8240.57532737209658
8585.64960342817903
8907.97775656032172
9187.24297582650615
9401.83143146940893
9531.71162082221963
9561.37718290162775
9482.01266893922002
9292.68807993683004
9000.65484481567546
8620.43066887064560
8171.62320485922737
7676.23878650047845
7156.24734930951581
6631.53268369625039
6118.16454645413796
5627.24552175233657
5164.65169102166146
4731.60362954405628
4325.71609645728859
3942.31227826113718
3575.86327959433220
3221.34728752576530
2875.30001537930684
2536.23408837242732
2204.39794731599250
1881.24959745518981
1568.78263845466336
1268.70278481522632
981.71796773456811
707.20567593787359
443.23050735283937
186.72064810577419
-66.15937579871434
-319.29361243403912
-575.76662398084693
-837.31913344501982
-1104.20746769302104
-1375.18061067544431
-1647.55932942987192
-1917.71150673869124
-2181.77081695618335
-2436.08060413514795
-2677.37576995788277
-2903.05027816590200
-3111.36006427057873
-3301.23958879439215
-3471.81956915200908
-3622.08198356678349
-3751.04309626261238
-3858.29763373462083
-3944.42082375223572
-4011.01883986210305
-4060.51848000083146
-4095.80048900765405
-4119.73570741269214
-4134.82962661083729
-4143.17858654827796
-4146.50580159721085
-4146.02914225608583
-4142.54397870988032
-4136.97503411094476
-4130.78628307106737
-4125.73361799394752
-4123.18937720546637
-4123.50105919191537
-4125.75621297119596
-4127.97526002886934
-4127.32431421720139
-4120.11620115216647
-4101.84336119550062
-4067.54224229110741
-4012.50191383101264
-3933.03504311617371
-3826.94553759677501
-3693.52375713342371
-3533.27902661569988
-3347.76401507616401
-3139.49897405507636
-2911.71203670408204
-2667.84054644366506
-2411.10024782057417
-2144.32272105456695
-1869.98066501267249
-1590.34468342615173
-1307.70631320253574
-1024.34852076119887
-742.06749556076807
-461.62217027883651
-182.49135974232408
97.07481242445866
379.79598798425849
668.98659524111144
968.08696470825794
1280.03782845115734
1606.53444470777526
1947.34039318242503
2300.03635384375957
2660.33442406727090
3022.30043330709759
3377.91970230242168
3716.43201419524621
4024.07197606723503
4284.38718019550470
4479.30169294044390
4591.12280386113707
4605.07800136222522
4511.57470478077630
4307.69890901218969
3997.70555513228055
3592.43885615871977
3108.08231104297920
2564.72290409547941
1984.78978460113285
1391.15129567977147
805.02252416938643
244.24072739324620
-277.89625970350289
-753.23236467089419
-1178.58439061246418
-1554.93900337837408
-1886.44636855380645
-2179.28819531017507
-2440.29153919248438
-2675.53668852867713
-2889.48109670274744
-3084.75976346265543
-3262.45759130832903
-3422.56733215665781
-3564.47314485682000
-3687.52884034954513
-3791.53444885047020
-3876.81762779716018
-3944.27722124579714
-3995.76660174181279
-4034.38281067209709
-4064.08336220468618
-4088.86711440711679
-4112.24668405552893
-4137.04954220467607
-4164.98093752207387
-4196.14898540027571
-4229.28582652682508
-4262.50955583335599
-4293.99515088433600
-4322.36551077148306
-4346.78082982246724
-4366.78049419551917
-4382.05139140531719
-4392.16586873789856
-4396.24514688378258
-4392.63860853353435
-4378.64829661636759
-4350.24441990659489
-4302.16138270050669
-4228.73627769857558
-4125.07853837789389
-3987.96469657695434
-3816.28061319059407
-3611.17909722514196
-3376.11346231892549
-3116.53247767721678
-2838.93402895031932
-2549.66948126084435
-2254.21952652658274
-1956.91003685146188
-1660.58057164946376
-1366.26688160107369
-1073.40328237428457
-780.52047063093448
-485.90789838279210
-188.07583459147764
113.91882922288676
420.40427776568214
731.31121708178136
1046.35652338651335
1364.94758285047033
1686.13030020751580
2008.74128719371151
2331.38489236565874
2652.29509340929962
2969.38299113732637
3280.27882382515963
3582.29802768131640
3872.60757353599183
4148.67944977751813
4408.76465758000359
4652.08265907752047
4878.82854876653528
5090.26108938536981
5288.86245221143872
5478.38541789731698
5663.60697863788846
5849.77408362270126
6041.93959669520427
6244.44449779793285
6460.56551098931141
6692.10209347903947
6938.93176459818278
7198.68904372144607
7466.29313985048520
7733.11001830044279
7986.34313992066836
8209.43091661845756
8383.46507934623878
8489.30259588538684
8510.12694584788369
8433.89695999757714
8254.97035254832190
7974.62087583298671
7600.63882150778500
7146.28621238358937
6628.71424010117425
6067.06287346368026
5480.82390948708235
4888.63866958685958
4307.10875922429659
3749.77409842121551
3226.71936759254368
2744.55786952543076
2306.48843151752180
1912.70402355062720
1561.12217443582563
1247.80424120161933
967.01019346693647
711.57549872986385
473.85228941958030
246.70793005701901
24.05475730771038
-199.06476623136371
-426.46615906437728
-660.79806761620296
-903.57129795755873
-1155.13810772339957
-1414.62943411114293
-1679.93977404593420
-1947.79941390972363
-2214.00623045734710
-2473.88434365561807
-2722.94475070394947
-2957.55592498731812
-3175.38032156229428
-3375.43520948750211
-3557.85637928750612
-3723.66274669305494
-3874.74087979848082
-4013.87309244160497
-4144.38900694953008
-4269.47121330140635
-4391.54335024750435
-4511.82292419398436
-4629.97755896283070
-4744.10363894651709
-4851.14673043448238
-4947.47690410581345
-5029.32469702060916
-5093.08890977058763
-5135.51530874503896
-5153.79929121857640
-5145.86392835605602
-5110.72133077292983
-5048.62155308531965
-4961.04605172212814
-4850.56653902942890
-4720.39439578997917
-4573.77855505971002
-4413.60692480549460
-4242.32832492798298
-4062.02319801624481
-3874.31766628995638
-3680.22114118306945
-3480.31013163909211
-3275.08282364889601
-3064.98378382822148
-2850.34836890607312
-2631.56859937348054
-2409.13408156204423
-2183.40421665947770
-1954.28929889765527
-1720.92108874523410
-1481.49778643611035
-1233.46632498701115
-973.96102189308419
-700.39365897736002
-411.10936991539245
-105.86829848702612
214.10552864638976
546.43787900916027
887.94843178544363
1234.92283812657615
1583.59076828283196
1930.82728991233625
2274.60903913748962
2614.20575895118054
2950.48763790277644
3286.06877405187652
3624.80919430392942
3970.82958998795539
4327.46879959348917
4696.42456095513080
5077.01232927347792
5465.53950838082346
5855.01019127315703
6235.06393715593458
6591.92507067347560
6908.59814349161843
7165.76801177824473
7343.63671105636513
7424.55454005627143
7395.81981551870831
7251.70121329585345
6994.05402651107761
6631.53367324182091
6177.98332517361905
5650.75048841827629
5069.09730614223099
4452.65798175136661
3820.21968300290746
3188.78262992278314
2572.56549750024396
1982.08594289362577
1423.88204453492290
901.03973868210642
413.93540542087737
-39.30190333819062
-462.36385673541463
-859.93842741360822
-1236.65303148155658
-1596.36709044422355
-1941.99376282219919
-2275.56632308575900
-2598.38141730977441
-2911.21460746000685
-3214.51695718973042
-3508.57297674279243
-3793.66140101635710
-4070.16604439341836
-4338.58023321497785
-4599.31534624142660
-4852.40544287593912
-5097.41923071363999
-5333.56719083522512
-5559.70428631947743
-5774.23485176893610
-5975.19855385631581
-6160.64344958014772
-6329.14724780430060
-6480.05333006640558
-6613.10262983628854
-6727.81270672320534
-6823.10988368920607
-6897.41064382717832
-6949.13396251709764
-6977.29311217118266
-6981.72569778720572
-6963.02390133468180
-6922.37290018331623
-6861.26906189051442
-6781.26440307367284
-6683.84099990500363
-6570.26057764599591
-6441.39824364343349
-6297.70805222148920
-6139.29605251362864
-5965.95062835337194
-5777.14619079189742
-5572.17211456243695
-5350.38983183095206
-5111.53255896336941
-4855.98138830868174
-4584.93882525571189
-4300.53013207354888
-4005.82962323027004
-3704.55586096125216
-3400.34791592516240
-3096.02519841340563
-2793.24564293364210
-2492.59433067553346
-2193.85927074513029
-1896.12963059898857
-1597.65754974591096
-1295.89841438058670
-987.99008428337925
-671.50885669085096
-345.07271157401971
-8.32591708472147
338.59557536984750
695.51532642346012
1062.24969907300965
1438.33087366803397
1822.82679250155229
2214.72657186102151
2613.71734041205764
3020.63497802665415
3437.37724635497307
3866.62077883870325
4311.59166733722941
4775.78243353323433
5262.26838250960191
5772.74609417493957
6306.87011426560366
6862.00751554802991
7433.21494923163937
8013.44737601261204
8593.76623304584791
9163.01343481904769
9707.04296540580253
10208.36945234380619
10647.04278477884327
11002.92289197265018
11258.70545265939654
11402.62921438373451
11430.05826808972597
11343.73696335534260
11153.12941109909298
10873.28602246282753
10523.22145771352371
10123.85089109707224
9695.94400763210251
9258.46112651203657
8827.31638807370473
8414.54895420494358
8027.90607379204175
7670.97196204798456
7344.01577563858973
7045.29885704585195
6772.20997903369789
6521.83805790579299
6291.19717601762568
6077.53004476219394
5878.48258049262495
5691.56759996715118
5513.10998341341383
5337.41870424776789
5156.48655015768963
4960.36018416764273
4738.40307109543301
4480.92862813360898
4180.41120862192929
3832.30287234306070
3435.59884477258174
2992.97939799439428
2510.53346340785174
1997.01493722386840
1462.49953069069761
916.68307427598995
367.49419702740681
-179.36577436455761
-720.15536864111573
-1252.74860683967222
-1776.27306198077713
-2290.37725133904678
-2794.04352467693116
-3284.43220281142612
-3756.44022316143946
-4203.11856873763645
-4616.78955262952786
-4990.54475603853643
-5319.36488628516327
-5600.58850735073611
-5834.39950602479712
-6024.45680158504638
-6177.76552639660622
-6303.58603934571693
-6412.25350550936218
-6514.26580534721234
-6619.29949207087702
-6735.28806767848891
-6868.00588907887504
-7021.04862718724962
-7195.86734616861395
-7391.65456293232455
-7605.06439084617068
-7830.28962521547783
-8060.01022284043847
-8286.78806151757453
-8504.02631223365825
-8706.14026133640073
-8888.16468921600972
-9045.19508963707813
-9171.88797238025472
-9261.94378673507890
-9307.72603516122763
-9300.41678529735145
-9230.58739136907207
-9088.99919914602287
-8868.02238639641655
-8563.83327452753292
-8178.70112074733788
-7722.23178274674228
-7210.67157282918834
-6664.23238231412415
-6103.58452243069041
-5546.96730880538325
-5008.27707770760844
-4495.75144998884116
-4011.31286809533640
-3550.93872476540082
-3106.09127416289130
-2665.79758086030097
-2218.60871138273933
-1753.85863310229320
-1262.33469506243546
-736.73814972730190
-172.19062710344377
433.09366320071302
1076.89332663939877
1751.60701563448015
2442.53222376846543
3126.80883722186354
3774.32087972260251
4350.99743252882945
4823.83694064920928
5166.36394971065238
5362.98554569882617
5410.99356762280968
5320.03184009223423
5109.62315729036891
4805.38526277290293
4434.87434706475051
4024.14641612072774
3595.33071413259040
3165.07575768317793
2744.12131570608517
2338.08036756489219
1948.93498470142231
1576.59555144636988
1220.04344175416441
878.03227130004632
549.59507324349863
234.53819107446716
-66.00485288437822
-349.23221781771082
-610.86456859844498
-845.81762557148988
-1049.13134391209132
-1216.77728014594345
-1346.08218477484797
-1435.89271306093883
-1486.63704831816472
-1500.28263419470431
-1480.03095462396209
-1429.63111614352283
-1352.59893936520234
-1251.76575993365395
-1129.28500607020487
-986.99911757257985
-827.05775284270510
-652.60444031772715
-468.15264914816436
-279.40864996315668
-92.63008378061410
86.37057075087968
253.37929429549379
406.67712492384192
547.33146925818846
678.66034307372445
805.01261715719704
930.45928805082781
1057.74849734611280
1187.51398101269046
1318.03983386535583
1445.91309480534665
1567.06989565860545
1677.52556160566610
1773.83578412937277
1853.69225010228115
1916.58557363125988
1964.11951334511377
1999.96745990542195
2029.70214078184040
2060.49055411021754
2100.50860411406165
2157.86939754590730
2239.19028272855030
2348.26734066698737
2485.05948245267246
2645.12291426796764
2819.86008003039115
2997.70791202403689
3165.94395203554768
3312.62880113091205
3428.42651128791340
3508.21111178375077
3552.15697200058094
3565.92281577725953
3559.71329233326060
3546.35066973154335
3538.97339246091815
3549.07370055155980
3585.03878791938860
3650.99326883056574
3746.17164360871493
3865.26557067921294
3999.68120078987431
4139.28715771583029
4274.33410992846802
4397.20967095595097
4503.56054963218594
4592.66054440390235
4667.13017481092629
4732.06611583596987
4794.01532427247912
4860.17863568201756
4937.61094762041284
5032.05115951445077
5146.45514907185679
5279.77105575975929
5426.36272256357461
5575.95564767924589
5713.78429193942611
5821.05622418483199
5876.30352146751648
5857.76893330497842
5746.28201911251654
5527.96708611201029
5196.27134360490527
4752.95191693831293
4207.83969638150029
3577.52014515552946
2883.34439686234828
2149.02516109569115
1398.12497930360132
651.98821847535953
-71.74410550271077
-760.16585982810648
-1405.53381400257513
-2004.96206085183758
-2559.47780334874142
-3072.76137433852182
-3549.88818873173022
-3996.06340502017247
-4415.54909862048044
-4811.00551269744028
-5182.96999547885753
-5529.71068692578137
-5847.88720004745119
-6133.47706449911584
-6382.53523739347565
-6591.97542916999464
-6760.26206650987297
-6887.82124186846158
-6977.20594762525616
-7032.92458401975819
-7060.80626877205759
-7066.97920253067878
-7056.84849046029376
-7034.51902145715303
-7002.66990795053152
-6962.55506730938487
-6914.02049299707687
-6855.90571875238402
-6786.98382095965917
-6706.88753827391338
-6616.55858340858958
-6518.17562813544191
-6414.61815645432489
-6308.68509067493869
-6202.39425152910371
-6096.52872498083707
-5990.41680225745404
-5882.02765770945916
-5768.45546730558908
-5646.47689300550155
-5512.85403943221081
-5364.54002444969774
-5198.99139493042730
-5014.44634606833915
-4810.00164279017645
-4585.63283292225060
-4342.47711160338258
-4083.30043451143956
-3812.75044966921087
-3537.22170095466117
-3264.16729919188310
-3000.77205196179966
-2752.41082191965779
-2521.45531625270178
-2306.83884866855351
-2104.46323647282043
-1907.99866586805706
-1709.69556853415975
-1501.26859332064623
-1275.01490116382274
-1025.07887981076874
-748.32899580685114
-444.48744958642777
-115.78436389436500
233.44833392909089
597.02624232881465
967.30221242451762
1336.16617229426015
1696.32322341316535
2042.14302236194089
2370.03955507746332
2678.75970437514979
2969.46657938317867
3245.14762611068591
3509.63887243516774
3767.14740674059203
4022.29797114150824
4280.07028626971169
4545.63210823525515
4824.29434728571232
5121.33662030818141
5441.54895988088356
5788.61209884357140
6164.28658483876825
6567.31562925476555
6992.39185012846519
7429.68623217154618
7864.81853204880917
8279.03750884516376
8649.85891606138830
8952.58025053992606
9162.90322021150132
9260.21880861574027
9230.60656920177098
9068.81249343519266
8778.83645679903020
8373.00524840788967
7869.82964226717195
7291.56809453528240
6662.17693039695678
6005.56977162471048
5344.19339949286950
4697.89172977416911
4082.77051587443566
3510.31758732288699
2987.19261529684127
2515.53087859708785
2093.51088770663182
1716.15795009884619
1376.39432116113835
1066.21687949014222
777.78682028883145
504.42609037544088
241.56185343290676
-12.71861141659701
-257.88786124466924
-491.82751650956510
-711.71611449533304
-914.66600077016426
-1098.47606797236790
-1262.69029507104938
-1409.45281427732266
-1543.76622255648431
-1673.21034137752281
-1806.97338640927728
-1954.21043746902455
-2122.43861639712213
-2316.42990897319896
-2537.46453882711330
-2783.00647076022233
-3047.11597710171736
-3321.59992542687678
-3597.44414790287465
-3865.91601142998024
-4119.12840353749652
-4350.41105540907938
-4554.62218566478077
-4728.23811466776806
-4869.45632765895243
-4978.44388002921460
-5057.32442770507350
-5109.73127974952513
-5140.21101743668078
-5153.75741174116683
-5155.48611138834531
-5150.24256766715644
-5142.07062627220694
-5133.74829233570108
-5126.53411014879202
-5120.06656895284596
-5112.40565936963321
-5100.21073153867746
-5079.06707717554491
-5043.93235682944760
-4989.42472959314091
-4910.11241503753536
-4801.27166255091197
-4659.78550392084162
-4484.61421130619783
-4276.76958179947542
-4038.86537597353527
-3774.49397260133537
-3487.81763605103697
-3183.20016018505339
-2864.53477514787937
-2534.67401915503478
-2195.30836865280116
-1847.05066248884395
-1489.66135740849768
-1122.38696268831927
-744.25665987723551
-354.40900197684266
47.61287255560529
461.81594929818971
887.82317122692439
1324.80519879398526
1771.38110784038395
2225.74985720417953
2686.04271155856804
3150.48654437804953
3617.08231604165530
4083.03348273669508
4544.24942930547968
4994.89279741209066
5426.74468615826299
5828.40733467581776
6184.84387064605198
6478.06930635235585
6689.43172863390555
6802.83930257079464
6807.75752579579512
6701.16812917110474
6487.99983511023856
6179.99521313555852
5793.68590674484767
5348.21265436941212
4863.22192051190268
4356.91780208562977
3844.62801384356726
3338.15301790157582
2845.76540379167955
2372.75203592133403
1922.26816661002613
1495.95795482604399
1094.26534248853363
716.71700829997530
362.01893176516251
27.94211381639426
-288.43451038345694
-589.92089478543176
-878.39179395115661
-1154.44783859633981
-1417.49157690847187
-1665.86682034808382
-1897.09191424999835
-2108.51584498183001
-2298.22183113073788
-2465.58760624606521
-2611.37493903219547
-2737.60361076312029
-2847.31954315143776
-2944.37381426281718
-3033.26753127955317
-3118.73634034536008
-3204.92372913467443
-3294.58468347793951
-3388.67139135128173
-3486.26625242067394
-3584.73774735012694
-3679.99889362216436
-3766.93054599037259
-3840.06420752787335
-3894.32717981627911
-3925.64221740611129
-3931.31701913038205
-3910.13582319315901
-3862.23318322677960
-3788.94143524484753
-3692.51570229554090
-3575.50894372144285
-3439.89929157172355
-3286.53647592432253
-3115.39473075004616
-2926.36218093414800
-2719.93005891920029
-2497.57836191957267
-2261.97272975113447
-2016.95088961388956
-1767.16489061043899
-1517.29483678295605
-1271.02431127222781
-1030.38764233597044
-795.76388268418771
-565.98589349272322
-338.29723601045879
-108.56654275436496
128.07136199186601
376.46377962728042
640.83320907696896
924.25380439534410
1228.08807726525083
1551.49692742829939
1891.35137777132741
2242.61192131575490
2598.80190860852281
2952.48864430621234
3296.01200869986997
3622.27736995343639
3925.45242644857080
4201.71325376512232
4449.66667721224985
4670.20063303661937
4866.30487736621490
5043.02141319737530
5207.20393274838352
5366.90267275664792
5530.23947974884595
5704.03425824284295
5892.66636769333945
6097.29686334068629
6315.36394101984570
6540.16631285190942
6760.48677437901642
6960.72422749222915
7122.05274513440600
7224.45464767091471
7249.12932758023999
7181.02651212935598
7011.07417494870242
6737.41866228042727
6365.47508611335343
5906.85329547106267
5377.36555141565987
4794.83418191993314
4177.34723195836887
3542.13397274081763
2904.87285900307052
2279.17785948084520
1676.33883052713395
1105.27788639785490
572.48948503194288
82.06570838562534
-364.16464772204773
-766.55261965932596
-1127.41427165857499
-1450.44422651547438
-1739.84047857703172
-1999.42141684243120
-2232.15509245497560
-2440.26150040120456
-2625.62512579685972
-2790.17760485870394
-2936.12858285460834
-3066.22624819177963
-3184.03750072076036
-3293.99677582646609
-3401.14144564009439
-3510.35354548034275
-3625.11994744902040
-3746.55195637453335
-3873.29413548475441
-4002.14636363614500
-4128.97292873260176
-4249.57150157252090
-4360.16854626102759
-4457.56414487457278
-4539.33693785562446
-4604.14173463118641
-4651.80314682660173
-4683.17746339917448
-4699.79179469686551
-4703.33466904203306
-4695.40263795545798
-4677.57836931321617
-4651.44125026029178
-4618.29794075346945
-4578.64514010971925
-4531.60318072284917
-4474.74087358568613
-4404.37348376764294
-4316.19011156297620
-4206.23135857938723
-4072.05429827105309
-3913.50211810946894
-3732.70961194087386
-3533.57082548896415
-3321.04271955670038
-3100.39096387103700
-2876.32166496456284
-2652.18913575343640
-2429.53361693329271
-2207.94350594024490
-1985.36502688587052
-1758.98885807050897
-1526.27729009441578
-1285.57609700623357
-1036.26610687695415
-778.65666524813605
-513.78114119225972
-243.17948808348865
31.40289811100598
308.47601487308151
587.26050557524809
867.78935764133064
1150.60473782792155
1436.46367069294115
1726.15275952546995
2020.08092381018287
2317.75373573858860
2617.59899574066822
2917.33313161727665
3214.65204774294398
3507.97241690970941
3797.00641414457323
4082.86119659396718
4367.63460118528747
4653.72540521836709
4942.96883398301270
5235.76893482047763
5530.19142789174384
5820.74645407775370
6097.25185217094895
6344.79939478583128
6545.13156576984147
6678.73554316063564
6727.26366466659238
6676.27539003424044
6517.60560431613067
6250.47333382859415
5881.31433145651863
5422.74978844938323
4891.90712432293458
4308.38208548428520
3692.21912801971484
3062.22353714519068
2434.93535614563052
1824.21620651231660
1241.01428633131741
693.17224647025500
185.44676765145562
-280.16420187168580
-703.79072521472108
-1086.86683010335742
-1431.31288514082235
-1738.94818691158594
-2011.26444580168140
-2249.48773795815760
-2454.84972488001722
-2629.13634759305569
-2775.39358207231635
-2898.20027641150591
-3003.16249212914181
-3096.13127818502926
-3182.73193384916340
-3268.22652380652517
-3357.32649654571424
-3453.65668445933352
-3559.13811170885992
-3673.71693537104602
-3795.43516145846070
-3920.74744735219519
-4045.06851776153962
-4163.35286666101001
-4270.65023235051103
-4362.74887153437430
-4436.66780402246422
-4490.75267202321265
-4524.56052841149904
-4538.72107718511779
-4534.63208013442090
-4514.00079833105428
-4478.74299103869816
-4431.29952862492155
-4374.83979249463846
-4313.24254492598629
-4250.70730497714885
-4190.65734769273695
-4134.36838277228253
-4080.13707505652246
-4023.32859603467568
-3957.27801445729938
-3874.81534512331154
-3769.92474418260645
-3639.13028083745030
-3482.38609705169165
-3303.12851996709287
-3107.44300576298610
-2902.84125777778581
-2696.93577038619060
-2496.04595964966529
-2304.04263283831506
-2121.68679941577966
-1946.53271843442076
-1773.50209609914850
-1595.90864271380383
-1406.38803381776052
-1197.55834982332181
-962.72918233988401
-696.68877723890239
-396.20025431226202
-60.30487722578538
309.38874503619809
708.74760826449472
1131.37419224327027
1568.88970871020842
2011.79146211920897
2450.94528282222973
2878.96279394580415
3291.05301599380846
3685.33483396691418
4062.67754728703221
4426.48391247377458
4782.54663922781765
5138.28479237689044
5501.26350871010618
5877.79681299195636
6271.90162154524205
6684.32681391384631
7111.68917837618574
7545.99792993528081
7974.54073330876872
8380.09010657033650
8741.77549019779326
9036.88761582312691
9243.47399591768044
9343.29103269254665
9324.42259720186667
9182.71328601598543
8921.78242723252879
8552.14466640246974
8089.73179462370717
7553.93908877956892
6965.69507141407212
6345.90903234558391
5714.23110577226271
5088.10571309560237
4481.99811860249611
3906.59197000127642
3368.24182788366943
2869.08057558658720
2407.72127318694584
1980.22839100617216
1581.13751460390586
1204.47912292541810
844.91885612427097
498.99013018306687
165.81673457639226
-153.19979103194095
-455.39121868605883
-737.89143809450070
-998.54832286130943
-1236.73543194081049
-1453.85860252656676
-1653.39708746553151
-1840.75514518717273
-2022.88614422898854
-2207.36958767220449
-2401.20367863481260
-2609.70266894070619
-2835.54146819945345
-3078.25356761276453
-3334.60610154624737
-3599.52840815095033
-3866.87663961397220
-4130.01340139843251
-4382.65705707148663
-4619.90427944909152
-4838.77992425019602
-5038.05174277089645
-5217.78199195038269
-5378.97307912972065
-5523.17303472207095
-5651.97814454778018
-5766.56698297494586
-5867.43145976958112
-5954.34356401241985
-6026.36064546956186
-6081.76320514852341
-6117.97716650928851
-6131.47750341930623
-6117.92191248249037
-6072.88623996386104
-5992.97158599134582
-5876.64028624949060
-5724.66513512327947
-5540.46742032559996
-5330.04968686374468
-5101.04156499357759
-4861.09278604287556
-4616.29598558307316
-4370.13244465421849
-4123.13468213212218
-3873.37245545658743
-3617.61145263913295
-3352.56995779816634
-3075.80680859970062
-2786.14786049200620
-2483.60895156920924
-2168.89781506016061
-1842.82405848376243
-1505.78720690265413
-1157.30406294174077
-795.79701840382870
-418.96523001351238
-24.63741047634545
388.35369141154183
819.69716846054973
1267.58824785338970
1728.99118907536104
2200.06706204906550
2676.90842577673948
3156.74736777856106
3638.78202983951087
4123.51451691794500
4611.19559944850062
5100.44741371612963
5586.97778715275672
6062.26660944478863
6512.77744654083745
6920.17740037638214
7262.74197358041602
7517.91945758807378
7665.51926087830179
7690.74512352878901
7586.59647219320505
7355.15277323732244
7007.24176021688800
6560.64997829425101
6037.61926941270576
5462.18409606840123
4857.66517566075163
4244.84054084404397
3640.97253591275830
3059.28017901542989
2508.74981902760874
1994.41247410023379
1517.90881342352145
1078.18044646323506
672.34386143409267
296.72999402309250
-52.13392202352495
-376.72803480355634
-677.98967805448638
-955.22266571110003
-1206.50790542654158
-1429.59408299974803
-1623.16440678801769
-1787.81534312946678
-1926.35299901302233
-2043.77206019976666
-2146.99481809868212
-2244.10399439630146
-2343.10097205771217
-2450.50730440151892
-2570.34450452775582
-2703.92145584889977
-2850.31625499404208
-3006.96963038472268
-3170.01908311358011
-3334.70873052343177
-3496.04462927371878
-3649.22872329293295
-3789.80695007458144
-3913.90990938323239
-4018.52083972553964
-4101.47016193037871
-4161.35005305321010
-4197.74758948275849
-4211.52371992784811
-4204.53782899445741
-4178.85992123442338
-4136.06237787098689
-4076.95791147226282
-4001.61263572761027
-3909.38577956128529
-3799.12169523750526
-3669.62232663219447
-3520.06903135391622
-3350.24022439385726
-3160.80323028463681
-2953.58226938950793
-2731.50347675538069
-2498.16087316646781
-2257.09699201540843
-2011.20510873939406
-1762.55985165557786
-1512.50053408765802
-1261.70239254843636
-1010.13752832986995
-756.98900991029177
-500.62291785223965
-238.71084160313939
31.48608714816737
312.70066423956723
606.99526410136048
914.97249962217597
1235.41342676188356
1565.51714459995787
1901.32157620392877
2238.07965481901556
2570.64924491080637
2893.99226386449391
3203.86765285388719
3497.54113249620787
3774.34188266301953
4036.03915481572494
4286.78778492156562
4532.57946866129350
4780.53148463168964
5037.90489628270825
5310.65519079466412
5602.16343367304853
5912.60731014098928
6238.64856787952976
6573.27477555454698
6905.71413966007367
7221.24231003557634
7501.31943928617875
7724.80348261296240
7870.27571958906810
7918.87868839128987
7856.95694220939367
7677.92782819631611
7382.98373212571641
6980.38880072795564
6483.82710703850262
5910.67992510088970
5280.32361097531066
4612.28655525601334
3924.82981315307688
3234.33392651342001
2555.02882210582356
1898.58811339233557
1273.77824687294287
686.54833202466580
140.41518362577230
-363.10863254533393
-823.94685142326819
-1242.82111412959489
-1620.85364638911437
-1959.57513007986881
-2261.21796087672328
-2528.93988625704924
-2766.74605148340834
-2979.17124097977148
-3170.83583645714089
-3345.98696377040233
-3508.10046824420760
-3659.53985300256545
-3801.41531001714293
-3933.93600145379150
-4057.18944542810686
-4171.74225569426380
-4278.79447268863169
-4380.16254586489231
-4477.99556844730432
-4574.11820632623585
-4669.44369390082647
-4763.66216712404730
-4855.29999438147479
-4942.45430303808735
-5023.69887112817469
-5098.38052343130767
-5166.42891919315025
-5227.94492538430677
-5282.62422269599938
-5329.32621684092737
-5365.99590344739863
-5389.71762301562376
-5396.63380432164649
-5381.90510101884684
-5340.24987784147652
-5267.12725067390056
-5159.75989231828680
-5017.41729830618715
-4841.20274633666850
-4633.57316435140910
-4397.68125980304922
-4136.78773354964596
-3853.92280791699477
-3551.87223261197960
-3233.45065424244922
-2901.87015396728066
-2560.94670752109187
-2215.03994754635914
-1868.74868887202297
-1526.27953835548624
-1190.80413831059172
-864.32965271839157
-547.75497308821252
-240.61107446561667
59.20704769195169
355.25915760152651
651.93137523449423
953.66387320061358
1264.36712571716862
1587.04316066469573
1923.32588094755306
2273.02477033059768
2634.09209048498496
3003.02865134114063
3375.37280394404343
3746.06101983149574
4109.87766187127727
4462.31380728331442
4800.64367122033946
5124.51823963111383
5435.63254127681830
5736.86868688603590
6031.43143269351458
6322.01767154491881
6610.12345210758758
6895.41979492368228
7174.68689239159630
7440.47062233301222
7680.40632714548792
7877.81225241041739
8013.51246657920728
8068.42180610129981
8026.34639155573859
7876.43134264444689
7614.60715678009910
7243.85659852588833
6773.62403296920820
6218.57995725711680
5596.91394853384918
4928.55490783439927
4233.63901873916166
3531.24843669326174
2838.35906507285699
2169.08022911159924
1534.19316811500198
940.88782979501843
392.84701301492868
-109.24985911443680
-567.11413429297318
-984.35322546088048
-1365.91011564099449
-1717.18264547556237
-2043.04005090743385
-2347.27776905550490
-2632.66893930426340
-2901.21838499736805
-3154.28301552689618
-3392.63722481121749
-3616.67471890362185
-3826.70735169407135
-4023.12817432030943
-4206.39558585321447
-4376.97168743652492
-4535.26037622395779
-4681.52996998256913
-4815.78918306975902
-4937.64790602781159
-5046.29534044391858
-5140.73918630805201
-5220.25440778266875
-5284.80252485780784
-5335.24041991827198
-5373.13810952067797
-5400.30948776370496
-5418.52622646093732
-5429.36930016214592
-5433.91907960495337
-5432.53974849578753
-5424.90111081424311
-5410.00137664103295
-5386.19139582982916
-5351.34702226763238
-5303.16720845067630
-5239.42755577094886
-5157.98890824112732
-5056.64127169135281
-4933.07142860118620
-4784.94672830148193
-4609.99364153078750
-4406.25247423444307
-4172.71293990350841
-3910.09416459269323
-3621.18259857496787
-3310.44118677671622
-2983.21007315378665
-2644.96153529456660
-2300.82155733484069
-1955.25598481860129
-1611.66945210617632
-1272.01180662853290
-936.70921030271177
-604.88397956431379
-274.68371990173654
56.16978213174619
389.57731395733725
726.54298347363942
1067.29082100732035
1411.45296411296431
1757.91746152947758
2104.73157435486473
2449.32041808905933
2788.84654274202649
3120.60211666459327
3442.38440810655766
3752.79275046504108
4051.50839193598449
4339.68285790449590
4620.37446026990347
4898.66952578912333
5181.31076600548749
5476.03231029638391
5790.53254810949602
6130.83050606715460
6499.37327823934174
6893.79470122960720
7306.69118314992920
7725.89831733510164
8134.85424838544168
8513.14091953875140
8837.59496147930258
9084.53489760091543
9232.90439214948128
9267.25339968307708
9179.59271307404742
8969.83056128560747
8645.11559777612638
8218.43006661511936
7706.66724718760452
7128.59638194444869
6503.13752937210393
5848.35419898280634
5181.15151559419064
4517.01572282185407
3869.41053335258721
3249.15457904516506
2664.02637131488655
2118.35646590693568
1612.73169576876262
1144.38273891063000
708.32587939240113
298.90629562688480
-88.74691080219141
-457.75064725926006
-809.02311103248530
-1141.47716117730806
-1453.02204178482157
-1741.96681191482753
-2008.08834203769197
-2253.19895743711641
-2481.28265982670700
-2697.84248575892252
-2908.53374520704619
-3117.87184466500230
-3328.53847187597330
-3541.29667844494270
-3755.34381945174209
-3968.98254373872896
-4180.35453696014520
-4387.76442139056599
-4589.53441444451619
-4783.72944649993860
-4968.04762658088475
-5140.00478458582165
-5297.23583801487439
-5437.92074473657340
-5561.49315075281811
-5669.09141852826724
-5763.17846044112503
-5846.65694143250403
-5922.02910186802910
-5990.68928199950915
-6052.34958633432052
-6104.82929136370694
-6144.19673195352516
-6165.06615513876022
-6161.23928842567511
-6126.82520692332855
-6057.40115022101691
-5950.67446226199900
-5806.68579010412395
-5627.96814665561851
-5419.58670152379182
-5188.62812789443251
-4943.10810771708839
-4690.70213176005018
-4437.78130323158439
-4188.94843456855597
-3946.89709812465389
-3712.40835268666524
-3484.48271788141119
-3260.62088375225812
-3037.16783325874849
-2809.60023968459791
-2572.89473436138769
-2322.15063961157011
-2053.08894116909551
-1762.19646569731685
-1446.89385469139665
-1105.85913952306805
-739.37395605771223
-349.51363683581803
60.18434479882283
485.66255073069777
923.42712846234656
1371.21998822754676
1828.16071618327760
2294.39737522633823
2770.32255255831797
3255.74980048135421
3749.24672859313796
4247.42788730844040
4744.36229585867022
5231.40684103350668
5697.27818939881126
6127.97824470899013
6506.74606168831815
6814.86545121488962
7033.89801304769935
7148.79981801345366
7150.64339917995585
7037.95685735067127
6816.48941405146161
6497.83354375590807
6097.49858392200076
5633.05407759652098
5122.83243384984962
4585.11404900558227
4037.44856991567895
3496.02108871306018
2975.05770142456504
2486.14745639499688
2037.45272099945919
1633.13260253514773
1273.29138913806287
954.35400002115898
669.76244225728465
411.11151251700136
169.68814270853861
-61.96209864329626
-288.89356657384576
-513.18119511672353
-733.78056655327214
-946.92799140000568
-1147.28772252346948
-1329.51226179622540
-1489.51301182810607
-1625.16362082684645
-1736.59341326611411
-1826.03885348448898
-1897.11060664657180
-1953.84835839899506
-2000.20130406573958
-2039.92530521966592
-2076.40106384413502
-2112.29454746334250
-2149.29705621991934
-2187.95627715896308
-2227.57287924320053
-2266.36321110176732
-2301.91474361733708
-2331.72510915949260
-2353.79245988977254
-2367.06147079328093
-2371.45329679569613
-2367.65374137244225
-2356.84506028507121
-2340.44077631291066
-2319.82942533038249
-2295.83328932828954
-2267.85209312099278
-2233.44835088780110
-2188.91086574608971
-2130.28755665509107
-2054.24359560314451
-1958.60397589936520
-1842.58663658145315
-1706.80919291724535
-1553.15027644187967
-1384.35291297083177
-1203.40387067163124
-1012.96792473032269
-815.04685738454623
-611.00366518019609
-401.89483557528678
-188.59570901003272
28.46383272512844
249.48803387457173
475.16809378541222
706.34250302055329
943.62422499524678
1187.19894108011204
1436.95132660291392
1692.62898831254051
1953.63434050269234
2218.62382925574866
2485.34553354359377
2750.82854762556690
3011.85434346993543
3265.58012110428399
3510.31143136733999
3746.41667069591540
3976.72395993843566
4205.85358729639756
4439.08767979424829
4681.44721632731580
4936.86735319543914
5207.33627333445838
5492.14964924223204
5787.27193899933354
6084.67500477804788
6371.79342416657437
6631.44781459954538
6842.64485028599938
6982.57230887025071
7029.65185944431050
6966.94664087703586
6784.95507642013035
6483.12716800901126
6069.89846205573122
5561.16384238792671
4977.54003827583892
4341.45068032054587
3674.89060672999449
2997.92130429242752
2327.78074280695591
1678.61156216631207
1061.46384520160223
484.21043921371864
-48.57048825858404
-535.58508377115174
-978.60339536125707
-1381.97257776587662
-1751.81408742174494
-2094.89772100584605
-2417.38679474290029
-2723.76395144899607
-3016.12498896169700
-3294.16232216819799
-3556.06415593859811
-3799.75815546663262
-4023.83505588615662
-4228.05288416337225
-4413.38431307608334
-4581.67612389576061
-4735.17177862687731
-4876.02246744151944
-5005.82773144295516
-5125.24038258763630
-5233.79360662825275
-5330.20481104131704
-5413.12608426583938
-5481.92972921259297
-5537.02097980215240
-5579.51920501227869
-5610.77987884258073
-5632.23115188938664
-5645.33535077360375
-5651.41672819042196
-5651.52105693846715
-5646.46296520208398
-5636.97859809191050
-5623.78690953691512
-5607.46086015409128
-5588.15220570223482
-5565.13695478720456
-5536.39035731080821
-5498.66739270630842
-5448.02185610554079
-5380.27363432069160
-5291.16282398743897
-5176.31782717833721
-5031.42366255962588
-4852.65579195139071
-4637.16927663789556
-4383.64269103905917
-4092.79892003687428
-3767.70211399829759
-3413.71524295784184
-3037.96830988117244
-2648.35518403544802
-2252.35501609219591
-1855.95220451465730
-1462.84885045111537
-1074.14625322188544
-688.57147440300002
-303.27375972079216
84.88810793404524
478.03904003931683
876.54714710109090
1278.97443049336607
1682.42355261018338
2082.92865584081574
2475.82507882387335
2856.30593702949045
3220.24883287768034
3565.03862426809883
3889.99927136862561
4196.46651365945218
4487.76963379066910
4769.09750475911096
5047.09218612402401
5328.97605012872555
5621.17971642013890
5928.07081175037183
6251.21464763650602
6588.71740640858843
6934.32723746828106
7276.64005908904892
7598.91482482759784
7879.85034738674949
8095.46433088197591
8221.95187737332526
8239.06045709999489
8133.15180736477487
7899.07117936963368
7540.53119422259351
7069.34220399969854
6503.88014453318738
5866.94805227242341
5183.25062543676904
4476.96632951971151
3769.73196262094370
3079.26447554297738
2418.96768991367026
1798.40569376234794
1223.96350169285324
699.18192841895336
224.82850599732262
-200.96441453265840
-582.27742592458969
-924.60343786773228
-1233.70661262996373
-1514.59335547253772
-1771.08261488162839
-2005.83047697911684
-2220.61407276680529
-2416.86600669905192
-2596.12384851557408
-2760.13410719035801
-2910.71434360318381
-3049.58140241619458
-3178.23528253722361
-3297.77103860900115
-3408.57373725853768
-3510.08528455856731
-3600.84675791800055
-3678.81630348831914
-3741.78624488659943
-3787.83937471200670
-3815.84845071849213
-3825.82933933059257
-3818.91956287570201
-3796.97367264306149
-3762.10535316980986
-3716.48702051316104
-3662.12195257248641
-3600.31176600710887
-3531.22837098275022
-3453.87509611522728
-3366.23618752268476
-3265.61758073724241
-3149.28068847779923
-3015.06629594420292
-2861.58460066235830
-2688.06875630468403
-2494.38580697181123
-2281.27406309547587
-2050.54273340601094
-1805.19099477825171
-1549.49428732599472
-1289.02895047809830
-1030.38653331278942
-780.37501472593544
-544.97584899105800
-328.27879515279039
-131.47103468888452
47.73992326499215
214.90109127910807
377.75941592463033
544.71811577474034
723.20274762053475
918.16009593599802
1131.12397966469030
1360.24053921264954
1601.08162391234032
1847.84319276882457
2094.58712407296798
2336.24868498885098
2569.17468397454968
2791.15731415218761
3001.29790748365622
3199.91379234218948
3388.47805887789627
3569.66302492379737
3747.34222378424874
3926.33425517668456
4111.99664595496233
4309.84459693364897
4525.13262705517172
4762.19002685477517
5023.55708261716336
5309.28754765155736
5616.54596896297062
5939.22502877563875
6267.45015049971607
6587.07959847243455
6879.43115349598702
7122.01769190712912
7290.96712399840726
7364.45704057912189
7325.78160180872965
7165.25184392991196
6881.01000691056197
6479.06690065929706
5972.40369014715179
5379.09980906053443
4720.11206004095857
4017.15359951132677
3290.71601163334026
2558.60511563506816
1835.31768727866506
1132.08654209157999
457.38657679547379
-182.37397289428640
-782.33394785173107
-1338.94493509629524
-1849.97653084230728
-2314.61160958278970
-2733.42190516949859
-3108.27978818796009
-3442.45430278613730
-3740.67682752553492
-4008.68953968532242
-4252.52653596821256
-4478.16515358897504
-4691.46696367353616
-4898.04175016795671
-5103.07880894657501
-5311.13683853038492
-5525.70685063330257
-5748.63074423112630
-5979.65360015125771
-6216.21451164315749
-6453.43264844299756
-6684.35777348076044
-6900.56972140651123
-7092.97557932466407
-7252.56158402356323
-7371.14840442355853
-7442.36794181184268
-7462.62068647656542
-7431.43689996447392
-7351.05563662746135
-7225.53843829007383
-7059.95724740070000
-6859.98047360304736
-6631.75051034883745
-6381.84021631608357
-6117.03341461508717
-5843.72208035146014
-5567.18204802199125
-5291.23278080745604
-5018.37573850037370
-4750.01818623709096
-4486.52839512929586
-4227.31139000972416
-3970.86352910273763
-3714.52264469408829
-3454.19919461061136
-3184.66650674966786
-2900.49420904922363
-2597.10263700834366
-2271.42849177668813
-1922.47223481385845
-1552.06936562836245
-1165.23971843647246
-769.48917523125590
-373.47054679202608
14.26886622959594
386.15707262993431
736.30393085662570
1061.26511254502338
1360.52341083225110
1636.28175466123525
1892.71647688807093
2134.98732190525152
2368.24771365167226
2597.01737393346502
2825.03584392834637
3055.48876419585940
3291.55149027620473
3537.05090304771920
3796.96171408126702
4077.55348567282817
4385.93951112787363
4728.81438331602112
5110.55195121153520
5531.18902318097025
5984.91145240036440
6459.33553354430933
6935.49125769201237
7388.58501262300888
7789.72383843399712
8108.54854545765738
8316.70296837987371
8391.75045223643247
8320.47485036763283
8100.51038451333261
7740.05802746006975
7256.21343179857013
6672.43745855454108
6015.60514662226342
5313.41830583941464
4592.58593768867377
3877.25182905475867
3187.36388953727783
2537.52103827784322
1936.64315751313302
1388.29045403312944
891.55794291899838
442.42944137365293
35.38288507623940
-334.95141653501537
-672.54755294601648
-979.54975609379835
-1256.50470174781776
-1502.91572885869095
-1718.01221466093193
-1901.69910257965944
-2055.31197507307070
-2181.73677642618804
-2284.99989426812181
-2369.72194277065000
-2440.58704842531142
-2501.86287932401910
-2557.06035386821850
-2608.83506720518881
-2659.21269898308401
-2709.96175989382391
-2762.68117746683311
-2818.55539246317448
-2878.14861237234118
-2941.32137913316501
-3007.16344259395919
-3074.06016348202820
-3139.97494751395470
-3202.83943593547065
-3260.93664325463669
-3313.17315961756321
-3359.08150351253971
-3398.48328488389370
-3430.97640115801096
-3455.60440346943551
-3470.99491350109747
-3475.69946025237459
-3468.26026321510699
-3447.17133286031776
-3411.08876850343131
-3359.12385704773351
-3290.85542173743897
-3206.04128202362654
-3104.50996599603150
-2986.44835548344417
-2852.56478806252699
-2703.81804880486470
-2541.16712031090174
-2365.80606022520942
-2179.51408923671625
-1984.53602916358864
-1783.14080523098869
-1577.17512437927121
-1367.68622237784371
-1154.72277287037900
-937.24030486930064
-712.93782912991662
-478.26259842381478
-228.92350869679132
39.28003813628290
329.75935209578222
644.75457708696433
985.24833878326115
1350.92364994361265
1739.92936766437447
2148.81258108930660
2573.02798225532570
3007.70145241185764
3448.28469258371842
3891.14114066072807
4333.88038491473617
4775.30449852459697
5215.15312959545190
5653.62215882635974
6090.65511363665973
6525.10593362579402
6953.68676001795393
7369.80893841541274
7762.59187304139959
8116.25897418431850
8410.46989906226918
8622.18919718952566
8728.81169172999762
8711.57399923385128
8558.36566643059086
8265.49352943935082
7838.36392052827068
7290.96508622075908
6644.11906056235421
5923.06098574562293
5155.00770778259448
4367.02977800623103
3584.29491390824705
2828.54294412380659
2116.62038108951083
1459.28117107771300
860.88170771597186
320.30165151911166
-167.41606147224414
-609.36939442363700
-1013.38858570347281
-1387.04596116331049
-1736.63011082552202
-2065.89669917733909
-2375.57966268562859
-2664.11191909211902
-2928.77525868436578
-3166.82534981043955
-3376.56357217916366
-3558.07234589082645
-3713.27369608328991
-3845.35448153423886
-3958.10288398271632
-4055.51633157927063
-4141.57139874871154
-4220.01881577380573
-4294.13747242596946
-4366.44841115014970
-4438.40661379689118
-4510.11360703448645
-4580.28759809098210
-4646.66906015479162
-4706.66181177696490
-4757.88638017126959
-4798.64219386048899
-4828.36885649439955
-4847.78782601388230
-4858.53773925688438
-4862.84339706320497
-4863.59711590447660
-4864.17222322692942
-4867.32570313459746
-4873.82472841077561
-4881.75659444854409
-4886.70993888104204
-4882.43978217154381
-4861.65556061194638
-4816.93532666749707
-4741.80272721023084
-4631.83999662786573
-4485.60852027313013
-4304.94030599384041
-4094.26362287902748
-3859.23018519616107
-3605.33234658618449
-3336.99047647021962
-3057.14407900902643
-2767.23598694177554
-2467.66075464595906
-2158.53407307807083
-1840.12222817789188
-1512.67498404505568
-1176.28299008928184
-831.05315898307072
-477.16708531109094
-114.81155211151011
255.69274675800685
633.62258650770843
1017.56583746014371
1405.20806664706447
1793.36366621019442
2178.22468912587829
2555.68359137741663
2921.75525584589786
3273.21526824835655
3608.44746253380299
3928.19999231947259
4235.83755363087948
4537.01366396173671
4839.05123838116469
5150.17334480035424
5478.29264660951594
5829.24928579306652
6205.01407348742032
6602.34187187285443
7011.90544787239287
7417.93361103071493
7798.67469354673631
8128.03686040381854
8378.31848199323758
8523.49512395992315
8542.51243988647366
8422.04523011611309
8158.06072033390137
7755.89686372749020
7229.20182493794164
6598.18258983936084
5887.53873984266374
5124.48338344046169
4336.93079212590328
3551.65662466776530
2792.46672943775320
2078.51056287388383
1422.85521999734829
831.84184110104979
305.61248097442564
-160.61544837423412
-574.98305597392755
-947.25863660653681
-1287.16680108292917
-1602.91148685143321
-1899.96586205839890
-2180.64741956649323
-2444.83993298352561
-2691.26580107000655
-2918.62637818186704
-3126.44652173647273
-3315.51009707844787
-3487.83175134262228
-3646.23438019200830
-3793.72777628331824
-3933.00857072987992
-4066.15805565734081
-4194.38070762351526
-4317.83481111842775
-4435.63627441906283
-4545.86467127862488
-4645.65051018667691
-4731.58853477873072
-4800.25961067204662
-4848.59301651618807
-4874.22352870668237
-4876.02420173037626
-4854.72049272391814
-4813.26966340812851
-4756.67328184734561
-4691.14848281491322
-4622.80706331245528
-4556.08240438089979
-4492.38115139725869
-4429.57381295212508
-4362.46406545550963
-4283.77502886497587
-4185.19794459368404
-4058.49132586916267
-3896.71942242500472
-3695.35853403237479
-3453.03282535311018
-3171.91402482602916
-2857.70344781820677
-2519.04273950660854
-2166.36304468896242
-1810.31835964600737
-1460.24868308459145
-1123.21027121024076
-803.57605536503013
-502.98217424515315
-220.68933776838060
45.67393691942518
299.37886165450834
543.96498461079204
782.50173223995682
1016.98850854179182
1248.21837512831235
1476.21028709417328
1701.09921653000470
1923.85565444958229
2146.41121700002623
2371.37011403532688
2601.44526238557228
2838.72103567909699
3084.07003040630525
3337.05329849486679
3596.37563982394659
3860.72138534492660
4129.69632017942058
4404.61235167758423
4688.92528475539348
4988.00040596093186
5308.02212078600860
5654.44850413299901
6030.35145003771686
6434.67565114075569
6860.51817707334249
7293.76598310172267
7712.83935480743366
8090.03447944935488
8394.28706868221889
8594.95967071167797
8665.87551502044698
8588.59967858326490
8354.47883253695181
7965.40475809293639
7433.23970936319711
6777.96072653662031
6025.16148042377336
5203.72429756015208
4343.79469493091983
3474.65308169548462
2622.49574114541610
1808.66575522936114
1048.64492622395278
351.73094255898286
-278.66087382031856
-843.95722183918451
-1348.82342092507929
-1799.58302725048679
-2202.88540811659095
-2564.58389093565302
-2889.15279494119659
-3179.89883078228604
-3439.65093270921216
-3671.38552512614388
-3878.42026939947255
-4064.11279125274677
-4231.49167561788090
-4383.32718389869569
-4522.49941722699896
-4652.16886424219319
-4775.60183563699684
-4895.93403355947885
-5016.09926726779941
-5138.78618587912479
-5266.19919236920759
-5399.59651972527627
-5538.91326516157005
-5682.66421856682518
-5827.86587211715596
-5970.01356971924088
-6103.53849326815453
-6222.72929426198880
-6322.53649378554655
-6398.99069078772300
-6449.63421867462876
-6473.90595443089296
-6472.78775992110604
-6447.66425197657827
-6399.18852850047188
-6326.83947605158937
-6229.20795817596718
-6104.68680375913573
-5952.19874032845837
-5771.63862205102123
-5563.96781979747539
-5331.20527140124523
-5076.46189461793892
-4803.86987007883181
-4518.24240936314345
-4224.52939785614126
-3927.37105177368221
-3630.82517192030764
-3338.04893757064701
-3051.09052158285522
-2770.96694289435436
-2497.65671922872798
-2229.80704398517810
-1964.49437768840721
-1697.29326310050669
-1422.67786948322055
-1134.73845324506283
-827.93979302948821
-497.66978788264606
-140.67617055962344
244.56472654042327
657.63466403583243
1096.21090223394481
1556.58897503117305
2034.75435864668839
2527.53085308889831
3033.36456961213753
3552.72559895745962
4087.94650543343005
4642.32690639149223
5218.75220830796479
5818.00402860455506
6436.89957810551277
7066.68960367673299
7692.17053844885049
8291.60936665909867
8837.57672549362906
9299.21699280629946
9645.94912296743132
9851.57006673456272
9897.80096657329341
9776.63495135302946
9490.96009913780472
9053.59666028046013
8485.23978361931586
7811.56323165534923
7060.06959579935665
6257.61108056932517
5428.96323025617858
4596.06693946691303
3777.40592944024002
2987.64032589462204
2237.84135504548067
1535.97488595162599
887.22900311249771
294.28158132612901
-242.35554780915515
-723.80674488446743
-1152.10132278794367
-1529.52251241218733
-1858.33630160349344
-2140.84917245627912
-2379.49801481064833
-2576.96725241320610
-2736.63076358914850
-2863.16970567982298
-2962.83495850155305
-3043.15292011981455
-3112.17808960328421
-3177.59480870242533
-3246.00881861830976
-3322.34607331806319
-3409.26855033758056
-3506.96779922432370
-3613.47032214370392
-3725.13967227868989
-3837.31093338318215
-3945.12702619294396
-4044.13558571340491
-4130.29509343145219
-4199.89241504928486
-4249.82832531990152
-4278.00225439966925
-4283.53115779064956
-4266.69355762591749
-4228.53940920502464
-4170.44400890224460
-4093.65840302181550
-3998.70373254271135
-3884.96103566462989
-3750.73217044112243
-3593.66281333032293
-3411.45367374558782
-3202.68992834224673
-2967.51753007666275
-2708.01349039701836
-2428.09884487179033
-2132.88900705910783
-1827.79641053431374
-1517.74031155875900
-1206.41588792475773
-895.75185025573137
-585.92707536890543
-276.02741732016705
34.94943227839875
347.17086883178081
659.47493483061771
969.50277244921949
1274.35598073068218
1571.51347742032658
1859.57727394149993
2138.39959666747654
2408.92927336096272
2673.31015746566709
2934.78238665906474
3196.92000895483761
3462.81544075687407
3734.69243483452692
4013.75891103486538
4300.37551818825887
4594.56507698975838
4896.58772189723186
5207.31037339193972
5527.93092605807396
5859.00254295657214
6199.27460644765233
6544.54054353215452
6886.40264981126984
7211.20321019361108
7499.67865106834779
7727.98669726986191
7870.41131419022258
7903.14324045333706
7807.88424509115885
7574.43054142625169
7202.07809682740572
6699.67181679724217
6084.27103766108030
5378.95960948268112
4610.37167077886261
3806.27477839304447
2993.44206363045987
2195.91922802003864
1433.70913304626083
721.94171657663480
70.55552667559662
-515.55347588051018
-1035.91225493877141
-1493.43596556676130
-1893.15702445310421
-2240.93787888567340
-2542.36562723769066
-2802.02435135188853
-3023.31355112972415
-3208.83012429517112
-3361.11515262728199
-3483.29652109870585
-3579.31690092195413
-3653.93884814306602
-3712.61403244983194
-3761.07987501409389
-3804.73427451614816
-3847.87499406657389
-3892.99836388488666
-3940.44530896238120
-3988.34875801555927
-4032.73511232278224
-4067.83814315967993
-4086.60595644266414
-4081.12066745628226
-4042.74574408387753
-3962.22331609015782
-3829.96998602127678
-3636.73377739684747
-3374.85867010240736
-3039.91155250653446
-2632.11614661418798
-2157.72675471048615
-1630.60034039691800
-1073.61949319000132
-519.49945286753893
