5671.51077722066020
5383.41775315633640
5028.21631502221135
4550.74026236710870
3849.53371468050000
3220.69021280447896
2527.16912722747247
1664.03783559622889
1036.17630890087730
281.96922992147262
-329.20696323194380
-978.07079676894932
-1451.43384498486853
-1970.17526563273896
-2315.81456722575285
-2852.76031868754080
-3300.14152424588428
-3571.39629831712728
-3925.80525301707667
-4319.61897996087828
-4595.89276265506123
-4773.28812985070363
-5084.38439822039800
-5248.39600120278101
-5360.66591726092793
-5530.81561076055186
-5682.18796269216273
-5710.50576303350499
-5808.29695323330998
-5989.82616024644176
-6158.81632704707499
-6294.74144106007589
-6426.10062201223991
-6440.58975264609762
-6572.61158962523859
-6765.99905902817682
-6791.67182137069449
-6958.87648798138071
-7002.89201020866312
-7044.91753322940258
-7109.90532140273990
-7148.82890336261607
-7126.03731941742262
-7157.39948401462061
-7144.88076763669596
-7080.46903768825086
-7117.47052599820654
-7081.19976614602092
-7059.89055063925298
-6935.01922449027916
-7003.38197618999948
-6868.37025995140993
-6748.35705025147399
-6490.98538124096467
-6236.25335478809029
-5968.20301801850837
-5752.86577960529848
-5546.63577880025969
-5318.37697815631509
-5019.13734702528291
-4780.00645304276077
-4508.36594697942201
-4170.42566549859930
-3976.59855450245777
-3676.50661958666615
-3387.86294898152391
-3101.83010862930405
-2884.42514864683835
-2468.34225887082357
-2141.54947548051678
-1863.13914346833030
-1531.58335958648604
-1100.62788601934267
-697.83580897417028
-323.32244866459916
-0.36071879563458
384.14550270435171
656.31390846612601
1029.96282066248477
1362.40458879599737
1764.05691958786679
2109.15106931914761
2569.58769737636658
2994.61881991977089
3455.40823168116549
3798.53197328895021
4216.38340484141372
4535.94852141841511
4815.06296239126914
5382.48901862030016
5713.13635749847072
5785.51679575545313
6300.97758283803796
6745.13741687012498
6984.16624798793146
7307.61803047912417
7596.85838647685250
7964.96490350460499
8213.07373191488841
8582.59988919845273
8745.45454715276901
8820.10280137304107
8693.34356429810578
8462.37116738373334
8276.10802837850861
7874.41351055527866
7389.34432314590140
6856.74488482300967
6300.89188128759179
5656.95355539780303
5096.28946044301301
4452.47313874773954
3822.89364748447406
3206.90496301111489
2685.83988697324594
2144.93493006822837
1732.32478770871535
1381.31971911469259
1023.42047570359898
707.76267875473934
396.13015543635083
52.08701436744796
-228.00674821962104
-407.52603045524705
-637.03144046199441
-921.80363481373922
-1024.70502997195081
-1332.48445559517290
-1341.53819855512825
-1567.87191487608061
-1720.90185022248966
-1787.22435886260109
-2026.16582020454462
-2084.75404487746982
-2166.17433729530239
-2279.32946469279022
-2408.15529703479751
-2577.57314853652224
-2726.04381620882577
-2961.35550140785381
-3049.05432827116783
-3091.60526135711370
-3122.87241198557831
-3256.03624606682524
-3218.36190923418872
-3292.37627711113782
-3410.33286856096129
-3502.68262072353991
-3670.09667900340082
-3703.09043046564875
-3853.85387109941576
-3954.79071255676627
-4017.44664319244339
-4030.21208254025760
-4077.74194611463281
-4028.12378065308803
-3917.02232378547387
-3897.75951055486166
-3760.02482109280982
-3597.44091679267558
-3506.31300548067338
-3405.57417965656305
-3253.37100551894218
-3293.93155022417659
-3045.10816457163855
-2793.94309735304932
-2675.09076385310709
-2432.82155667610050
-2297.13736433458917
-2069.34758129895863
-1841.31680692211626
-1576.58251014290363
-1399.99624727714536
-1075.45316276238032
-914.97184668250225
-642.33748975162462
-423.39607851205648
-148.60328872132249
173.92889794109806
336.44927841929621
604.47875175140894
836.23479974161148
1161.75258279322566
1335.85026768154216
1417.29451526706498
1757.19014455109505
2083.61282925693922
2253.86079797859293
2455.02592751986185
2637.13856049797778
2885.69178219239166
3101.67988191984114
3258.29349042686135
3528.36620623903173
3750.49828831619061
4017.28834166026445
4312.59325717856336
4646.99063200632190
5007.86940628290722
5294.38080493054622
5483.23638300819221
5520.88812206515377
5402.86417001392874
5031.18590509870046
4620.77687050831719
4153.09243717331265
3568.61747909827636
2883.63347548572938
2210.70833546484346
1613.39002691896053
1036.66945400841860
380.07907106644200
-273.23681523918327
-739.43492196036220
-1292.80603044879990
-1709.44737434622698
-2187.03080928036889
-2523.07257800777916
-2808.33887637906764
-3070.34461884924895
-3246.60684057194840
-3457.36493498035406
-3527.86971164495435
-3767.32806625725789
-3853.04374687129211
-4107.58135217208110
-4326.75857218561032
-4563.95041454639522
-4708.54974760064579
-5020.70786608256185
-5169.66615762950005
-5234.66540406340300
-5531.13640458828195
-5567.91280183764320
-5736.18115245524132
-5788.11085081455531
-5903.67335766531414
-5988.33452757705709
-6111.54355416906219
-6134.20020448651667
-6261.23077761676996
-6116.48091086143086
-6205.26288244366788
-6151.43351382752098
-6050.32938730942715
-5999.97825121610549
-5722.31597000415150
-5661.20926665689058
-5480.66856599716539
-5069.32432220506962
-4848.81465394622592
-4566.08902743970521
-4208.73349858350321
-3967.54764455369150
-3611.76292067786062
-3251.97079104148543
-2961.33438965220921
-2692.67980611252051
-2238.41448630572768
-1907.89451455520589
-1462.36138779611338
-1048.97542541766029
-545.75363048893769
-114.13852290906605
282.29483501034065
729.00008111136185
1167.04198726778986
1470.65209359522396
1825.13237660373920
2212.57893927048008
2522.39280338624258
2938.97979076281399
3275.08704680551364
3505.68529886471333
3855.31268048487118
4173.27834634577357
4512.97797147387973
4786.99359563886992
5046.06262588539994
5332.90646359271705
5562.79723891534195
5820.34878528554964
6095.69823937626279
6460.06775412698607
6749.37367185490803
7013.43910282287561
7298.53051806219446
7544.85490874367042
7870.86387680757616
8119.60462301143070
8418.43273040026543
8654.06690603103380
8959.20828540093680
9367.60624525719686
9600.16651537199687
10034.64781211355512
10379.46044838067792
10750.30695440789532
10949.18762808117935
10906.49843769817744
10937.71355061773647
10653.36695773592692
10285.25878074687353
9696.28233079237543
9232.42758506958489
8663.04921316618857
8074.79457178295434
7489.26112083702719
6931.60635009700763
6500.93848592965333
6012.02974165855085
5594.25239881838024
5195.14996341699407
4810.37793234643323
4417.76033979222484
4082.45576646342852
3559.47427215040580
3192.95842937836369
2791.39778163615301
2355.78510838752391
1987.82717740532985
1618.09888703482693
1333.12722346524129
1039.38871725017680
695.94125994568094
506.04019580789350
220.16774651004815
43.33632545728648
-345.27018816093329
-580.18741600844339
-872.59430304934574
-1160.95134465468641
-1550.36643894942381
-1856.27812320304270
-2055.45924874815682
-2397.42123582547947
-2662.86563573456397
-2886.50510065977323
-3063.85828067605371
-3220.76176396585652
-3405.33850597327273
-3688.86824644843864
-3803.94777822280184
-3979.61816798704876
-4023.37640659501722
-4128.64468845551437
-4158.19848043696038
-4169.11586941646601
-4240.76006681061517
-4306.31696922420542
-4316.79639592978856
-4257.09389993498644
-4416.01729446426634
-4471.83732494013202
-4433.48575438395255
-4413.30691267665134
-4361.44518777402391
-4359.05652956752419
-4415.98136731216255
-4474.30500460584972
-4428.87904401450214
-4441.94433540019963
-4427.08240955501424
-4472.55134134197760
-4492.80613862116388
-4462.01814685933459
-4393.58956461680009
-4218.95058468940988
-4110.18708075168252
-3970.22595351584823
-3789.33897809203472
-3560.48729281988744
-3259.71908390977160
-3103.72384024783423
-2767.30508464641798
-2599.05590102814358
-2253.28601685904141
-2095.52220843467649
-1660.65283825991082
-1340.08461555653071
-1043.05945284342965
-706.43439446478635
-437.29370718891516
-116.33893467964407
190.34601415140816
507.58124558987532
791.56329853270790
1137.52300097962188
1416.98425298455231
1891.82503984265827
2338.15920433310384
2618.55409261525483
2911.11630154386194
3226.40890340011902
3560.72548850064868
3801.62916653152979
4153.97293578720837
4450.94857124556347
4653.20507295019161
4649.24666636918028
4629.76581847364741
4281.06581856435514
3931.22119776511954
3437.77518916884446
2947.95650348959225
2345.20888043216974
1635.11159020143532
953.39768963199947
390.33843211714162
-315.85262857665356
-806.65656200169610
-1265.46922142924132
-1721.53000110015660
-2109.61648385743001
-2481.27606055973001
-2687.55235165351542
-3007.31349108419818
-3298.75244420671424
-3565.33137467789902
-3866.66450810303240
-4047.58121323935893
-4249.71564653682799
-4496.16748562088105
-4565.83902978350670
-4632.48838908563539
-4798.58061620365606
-4917.01261200399586
-4961.00567616186709
-4887.77020582470777
-4896.06792674727876
-4994.80740013815830
-4994.12863981565715
-4894.91947367296234
-4952.08718578579646
-5126.38857778977854
-5086.22911248575292
-5221.04880621566917
-5188.57189016673328
-5222.27854228513388
-5212.52353799488083
-5228.80031533016790
-5230.08566915505253
-5177.14292849777667
-5205.42293024135779
-5153.58472668405830
-5021.61868095209593
-5133.92790500793762
-5077.82305464399997
-5091.22829088096569
-4921.90037292888064
-4804.24316707688558
-4595.67758452149337
-4436.15776719841415
-4131.43162008476702
-3721.68137530697049
-3449.42487137052649
-3181.94294470816567
-2852.45840781333254
-2493.13759191789177
-2138.83190157618492
-1966.97437140658235
-1618.44329277603583
-1313.44293193786302
-1028.87278518360449
-663.20135357960032
-350.19652768791309
94.53913298301556
352.73506646296232
679.21363056841778
1091.72040394023406
1453.79386371245982
1681.57184859798326
2149.30307089886946
2439.78658826608580
2766.83460746132278
3107.19529638694303
3446.52148427374323
3828.39021950008782
4122.58354017516376
4359.32746987100018
4691.85038827294829
4923.11366892532897
5238.42579894013943
5444.31609094634950
5666.39222245297060
5859.15080156002659
6063.54068835465569
6335.65290270785317
6580.94156550502248
6772.59743426707792
7082.55913805217187
7347.63723970268711
7550.80804257661566
7695.56789977210246
7972.57765904871849
8322.02347030517558
8520.08442169364207
8873.23848074387934
9029.32964776853441
9154.04401672510721
9013.83977817815685
8815.51573815422307
8482.50447690137298
8041.66670449368848
7543.96704586369469
6851.46622900650164
6472.39302428635983
5733.16679238615143
5124.20762301379364
4528.10933370320708
4039.55299671726334
3434.13798771174152
2926.85170949481244
2571.33885582190078
2143.13724418861375
1669.12060878362649
1300.94319168738571
1067.23363787723974
818.33122764873895
578.35659020512264
260.92292112922399
-9.11976004969499
-197.83973781571549
-531.55756062859132
-718.77020387951177
-985.79855438630443
-1239.89532692844659
-1472.97812272371721
-1768.76203566511185
-2015.77160033056680
-2340.49000661298987
-2631.42775601909580
-2893.85020751214142
-3155.31273525204142
-3309.69661083126039
-3528.96820525852945
-3705.24186316613714
-3942.74385474162546
-4124.66607499716520
-4158.28381471672856
-4340.36916928474966
-4445.41171574544751
-4566.07471263395655
-4663.12184657680973
-4850.60371752513038
-5001.91818273552144
-5139.29950756373091
-5194.08798643763475
-5368.56841216697376
-5309.78223663038079
-5437.50044567275745
-5468.29016265907285
-5481.45803237417203
-5407.49302388153592
-5415.74882060478376
-5283.43318260604610
-5113.08362709974062
-5018.83678827055974
-4825.16898427824253
-4765.63737613434932
-4546.17554854259834
-4366.48377809152043
-4121.46823332443546
-4100.84307121534584
-3791.29342686421842
-3561.87051156468215
-3417.99816595925404
-3201.98056006872366
-2913.88588640184980
-2717.78450900904818
-2419.46162728337504
-2157.14610966208738
-1940.72397492724735
-1683.81584596460971
-1467.59610249999719
-1197.66334702151426
-984.60434194417599
-638.66159001680444
-304.31747938442271
83.37234002667849
398.62220722205996
766.09217021658071
1209.71913243978179
1642.01255157516925
1918.45230464218935
2386.50222276107661
2835.67982541732681
3142.84294256277099
3514.63665094473345
3821.71140095639430
4213.67554933044175
4619.98401966338952
4957.60761437276597
5375.24504876555784
5831.74249665726711
6158.49195935976968
6531.81578534428263
6854.42904281474875
7243.83423167362434
7585.80188898373217
7920.28971834518416
8115.26245692079556
8037.85025999086247
7885.02429401399968
7440.28867470027853
7031.76543032464724
6607.92574124621115
5920.29907532243033
5398.69456229037860
4743.88250658040761
4108.50386015839285
3362.69300037712856
2706.35744544528416
2154.89571530397416
1645.23847069825683
1034.09352847175592
501.70096130156713
-7.88956821477696
-346.56385127427291
-801.16485963389141
-1225.38416609614023
-1666.30674530014244
-2023.96926019376588
-2424.79686782670706
-2791.12077175113382
-3089.84373207868020
-3466.12741592816610
-3747.84759263619344
-4049.87117577901881
-4367.63996464151387
-4530.83240090945037
-4863.78264228001626
-5090.11136224302936
-5399.55717233022460
-5539.80781586456305
-5809.35537564154401
-6040.55984671637998
-6236.00588664320821
-6561.37236516946086
-6561.14448680712849
-6736.15412763546283
-6772.63920366558068
-6936.14519723158537
-7015.39209503234997
-7190.35029596192635
-7230.12353872868334
-7178.34640365750511
-7260.48540549520203
-7147.64792219776609
-7098.29332263470587
-7059.83749219094261
-6941.36895015498794
-6834.69442154035096
-6694.37471376365193
-6585.48544197525371
-6423.37179979349094
-6228.55537309651572
-6049.19488617382831
-5868.38545056265320
-5646.94135503537109
-5441.04546868604029
-5199.93295767573636
-4913.84495159644848
-4679.97832664749421
-4384.30164847147444
-4024.20245742530142
-3649.67226918863980
-3342.78868211430154
-3051.92540101316445
-2756.63826623753812
-2512.23192176878638
-2094.16523642990296
-1810.88145515842257
-1511.82008097070434
-1253.17464627994218
-988.63782720349866
-681.70700726257746
-214.80223343426889
119.65659987221206
506.07464491616139
814.25687816180402
1173.36784816720888
1537.88345119658720
2102.88868379624500
2509.97435418597479
2906.97440088538315
3348.15472911203506
3777.25778217506013
4283.28807906066413
4785.89599429277587
5137.00375769524908
5717.05171616282496
6246.03365089738418
6854.78542918280618
7410.32404929106997
8122.78123622880594
8665.74270408902521
9139.72690076389699
9639.04014453793752
10163.51154257867893
10776.22733308752686
11393.19092319125230
11870.69192598088193
12190.72792461834979
12315.75369631329886
12245.73114102580439
12179.42834623029012
11935.97447238195309
11576.96384483738984
11147.10341897941726
10738.35690648989839
10278.70165783241828
9819.11176608194910
9397.18961107686846
8924.86433942039002
8596.57898241984185
8302.82697262307556
8014.28723808574250
7698.95948320511707
7339.11000693604274
7084.55815820729094
6891.69425319058792
6628.65473641593780
6234.00454148199697
6030.45024281474161
5768.49201099778929
5579.17584323369101
5368.05180793599447
5411.39756335883067
5057.68656075599392
4855.05549270744450
4577.16009259299244
4189.28474679505507
3789.54127801274308
3332.56883525757348
2781.04994206223046
2148.50217256367114
1534.91878888510541
916.41341560145042
531.10078639541030
-117.31685497058547
-632.08690355783381
-1188.63578894122384
-1666.50818118956590
-2062.91453673380329
-2580.06530922759885
-3138.51315002443562
-3611.56064882959799
-4230.79016280725591
-4716.19660737177674
-5029.33366437871700
-5358.18045205670296
-5771.29240448466226
-6085.88070559561766
-6080.87673916751646
-6283.02585384013037
-6383.96936117813129
-6561.96015371716476
-6513.10032823641541
-6749.88486120385369
-6869.46681902281762
-7042.05958272524185
-7224.86474433687545
-7366.16497191500457
-7486.44127610781288
-7806.69050934248571
-8146.80058538019421
-8440.71545072479967
-8640.21854786031327
-8828.13012015186905
-8974.09501078076028
-9127.97631308724885
-9299.52792990313174
-9277.48580141984348
-9411.20174289717579
-9481.39967661856826
-9404.28241998440353
-9365.24094014837101
-9334.87744593643401
-9273.09258620584660
-9080.08914870947410
-8668.59853096416919
-8069.07462942056463
-7266.59952017626892
-6625.97117845835419
-6054.75233034262146
-5397.20105492557650
-4799.71158204403491
-4228.63669215778646
-3809.83257572987941
-3320.64651635402834
-3015.22247834052132
-2375.88362983207708
-1914.37961861892541
-1261.03014629415793
-728.86143860795573
-92.58935761951868
471.11480425683152
1132.27036083949861
1592.99805547975143
2147.23133767815898
2787.65233887774866
3620.08197520361909
4502.51634077919880
5315.20739682381736
6046.26494127018032
6431.63464835329160
6521.09477377507847
6471.48658915650140
6194.64064510353001
5753.97875537370328
5331.51412623089436
4974.68526476942043
4447.51285246356292
4010.46211299676042
3654.82878501640789
3267.60676878123195
2919.37996760160104
2511.39465042096253
2023.34318133232546
1649.71967005582655
1195.53336807340929
834.76571036126074
549.75911616084591
92.01389559960080
-195.16858236332936
-614.64781555614468
-918.49244127279451
-1152.01058766346932
-1335.58785589359081
-1511.90969291111514
-1591.77311833191925
-1711.47822554051345
-1657.08330317335435
-1591.67937438119361
-1542.01473483220161
-1451.95280580111830
-1420.43472269171116
-1277.24697003153210
-1247.89633298760168
-1079.28978287385667
-922.08691203151102
-648.01036159446005
-479.05660191198700
-119.41546821541786
67.18660591994200
305.26003738904342
474.41602037909831
497.07067620585769
612.95412751237188
700.83836008828803
843.58168098233807
874.49506316805378
1120.63717177589615
1368.04260702340207
1474.92852726322280
1615.93198863310272
1701.00165551011742
1910.12957699883964
1986.58771520416531
2002.54050192331124
2129.09575114418476
2122.92572353840796
2205.94183471586575
2233.75147939070621
2145.75342595363009
2213.79615307235099
2225.76289691293596
2302.85210925653382
2385.32880750802633
2655.84894853481273
2825.56557167929259
3171.55747961129327
3264.14043837150439
3588.06301720547390
3686.91307699759363
3843.14134762080357
3844.58118172394416
3774.99433921337231
3669.15792173375075
3585.92419431140570
3622.45383371142634
3590.68486931211146
3559.23584740300112
3701.87997527616290
3840.30784200720109
4088.50920293880017
4256.54108908529361
4535.01653072653971
4728.62908599693765
4799.84132509207939
4999.90069547564690
5009.65789870893332
5041.17179630036298
5208.46270256251955
5259.22566051180729
5406.38660527612683
5375.36590908402832
5463.77986712577876
5585.99443181543211
5734.78038306099279
5905.56818507020489
5944.95349261643514
6097.04114717548600
6285.96032117222512
6432.25716059941533
6488.57504542554761
6445.02180165476511
6214.21489868416484
5873.71323353920980
5310.41296521383811
4664.39156153184922
3998.22926608153148
3093.79909159066983
2340.84259146965451
1536.41669540862245
728.90523248332283
-69.84465946457229
-729.46626605650533
-1454.72698366577424
-1954.88338105487333
-2614.78379058986138
-3146.38487793762351
-3571.81934205236757
-4160.11415934723482
-4628.59973044374237
-4910.31573014381593
-5526.54256949991395
-5922.79049155976918
-6257.58609635223911
-6617.29629542988914
-6952.81904698052949
-7128.61783475983339
-7383.50701449698136
-7497.31898959345199
-7585.01801170579256
-7612.75344426875108
-7541.35026247812857
-7579.41396235544471
-7580.82002911946165
-7579.46984411608082
-7551.33766810771613
-7434.08637798832024
-7553.06646876226569
-7517.03498304218920
-7457.02932930470251
-7405.17579506288166
-7239.42414622973592
-7128.28654991672738
-6947.05856567780756
-6866.92638509225799
-6733.75816014946395
-6618.01303926202854
-6557.16708818551797
-6504.90139123425342
-6381.91782344593685
-6211.42873501636041
-6150.33746628694280
-5965.17172985869638
-5846.69983115563628
-5594.44174091068271
-5428.59770211368232
-5291.28802671154062
-5074.71377432144709
-4822.60420449329467
-4626.82407441453233
-4228.98788474733192
-3915.29083206845416
-3600.27843592215004
-3312.56299429750607
-3157.38290566489832
-3020.69403958959947
-2780.42258707301335
-2652.28579598624810
-2430.43513098015501
-2311.86336421468604
-2174.48429151761457
-1824.92638727373719
-1571.62875717276211
-1207.90064574056532
-888.90710201883235
-637.01131373571911
-194.72451887750390
269.38831762204273
635.76647685063961
982.72757555838189
1304.82870775401557
1734.76629452536690
1986.34691123398557
2186.94905200589619
2438.12876501327355
2871.71872415021971
3114.18718346750848
3374.89881574565698
3755.37935135783846
4049.65307894200987
4362.79291099803959
4691.14099830648775
5039.05150705292908
5386.80702006443153
5667.45682251542166
6093.00833771095222
6589.34350568178706
6894.27751919662569
7397.13948901259573
7715.43013001970485
8204.60285877302522
8669.30046932879668
8954.27477854227436
9170.80655267611110
9086.21623426945916
8924.22122041344664
8465.66414489824638
7895.20458164503634
7427.84586424252575
6791.08176691750486
6093.89013534708192
5534.38741991290863
4768.80594677145746
4051.42939671857994
3456.50536074457159
2873.75797397084580
2316.77525660013998
1849.03763775090374
1374.46943761798002
1042.95597761650197
656.76999604366142
337.24085606511011
50.60799476675443
-162.93753836053932
-510.97727193693299
-796.45040580252123
-1168.98219405645364
-1320.99750983143576
-1569.71529060286707
-1833.07481962564339
-2103.86546689105307
-2230.50548186645210
-2373.37848345051816
-2556.51341795191047
-2489.34312539921575
-2580.96375969520113
-2708.38252142815236
-2847.50837331362072
-2990.28489591228663
-3215.98610988600967
-3535.23019266274832
-3847.19936933072404
-4196.33579846165867
-4390.90789961700466
-4634.03048710345774
-4919.37417368547722
-5106.02502792604355
-5234.01394501041159
-5526.97283772369065
-5616.73344584574261
-5720.70145601338209
-5752.39012905358322
-5795.55200353193050
-5854.61943379601416
-5861.83190976914921
-5848.36694834921036
-5795.50376992891506
-5814.64470757485469
-5784.56718610343796
-5751.60449644725031
-5779.02066714759076
-5706.37138341250920
-5723.47688105364159
-5736.72905081893714
-5506.36955094076711
-5593.89082961590339
-5510.86556046366331
-5395.41945149675939
-5225.28185569088691
-5001.37336929274079
-4713.94160873756755
-4408.51098374766752
-4233.98564750973674
-3787.58654944063483
-3411.65542494259353
-3120.55699960713673
-2741.47550851741607
-2323.52931705103674
-2048.63445661294645
-1536.32555796151632
-1202.93116636916011
-743.75771907900719
-332.71554582239463
231.48237706743498
626.94928919860990
1162.80873366643164
1619.66861381685703
2218.40097185467630
2768.10249234752155
3260.57680890055553
3733.99103780569385
4260.38300065392013
4751.35823323359091
5255.77358878746509
5616.62126929472652
6028.06809118557612
6360.76739704193733
6867.70940638319735
7382.96382470454046
7710.29459743501502
7948.51565532954282
7976.36059106623179
7784.93556011373676
7427.81839502142884
7090.54578162676444
6609.30987281761554
6143.85101531823784
5525.95484319093066
5101.66645050815077
4556.59937820874438
4060.31419093281420
3652.23989996377759
3173.92943694741916
2624.69883667261001
2200.83856486927198
1776.87707323123232
1255.85889237414540
848.31805495762580
569.57631489269897
249.53944626691165
-35.01927349190149
-439.04227935323985
-688.77499605648097
-991.75277764442683
-1217.73997214643805
-1632.20651315683790
-1802.76628925106638
-2018.97302749968753
-2154.19057811946004
-2335.79597342802799
-2401.51994808615473
-2584.81495864704493
-2692.21857224159430
-2715.66015374456310
-2737.11067465796987
-2864.38431324584053
-2908.49392997599625
-3050.31632665354300
-3139.17534353639303
-3199.97386455172318
-3362.78181709867249
-3442.15499243605791
-3547.65598670775944
-3569.61052068528352
-3651.46679260148812
-3534.73473582587303
-3591.94596327744966
-3476.39357883320599
-3418.91198249505578
-3207.40499362346964
-3028.18754533162974
-2906.26023967878245
-2847.88352536330422
-2691.75213235925685
-2486.02306040907069
-2301.15235503989879
-2059.65427568407767
-1823.97780660929789
-1511.31025165493929
-1205.51724686305693
-814.90324923186483
-675.56316358462686
-418.57980435086552
-93.03804972121689
144.11816353907415
378.37713472648261
572.24892123145582
860.25373327483430
1117.54492315615653
1398.41087844790627
1668.90501592925079
1963.70356975993582
2372.72325246047376
2764.82437587141476
3073.03669222008193
3501.33601515884766
3938.17631058897587
4240.81595764334634
4640.85452128974339
5083.78709317758057
5221.89829319034834
5534.59360359817038
5864.91644613594963
6020.25411452826484
6330.28356370051642
6447.33475285098211
6557.61985259460471
6760.90914762276407
6914.53596275654945
7139.63404629915658
7343.42625330757437
7507.99860660699596
7643.96783222734848
7894.74189411421048
8163.95543700512917
8374.83725445775781
8502.32474184324201
8671.10165106166642
8590.55204483628768
8332.86360099247577
8082.58201061919135
7463.70959528402727
6922.04872928264831
6314.31183222439540
5660.31818555791324
5104.66600054496939
4379.30396224451306
3717.97190216256922
3128.02685593585056
2433.21563562795518
1813.79087644254241
1278.86999009930560
698.51310010596455
158.45887748382265
-227.94580227242088
-645.95714342846134
-935.04943723854933
-1227.94215901215375
-1616.35961346439308
-1858.69248540015587
-2205.31122818649055
-2364.71831454951962
-2573.05961297903241
-2825.84705035887191
-2936.77669848022788
-3099.23650713810639
-3234.78869298569680
-3228.46835209849451
-3255.88676594120852
-3427.58502115047804
-3597.38813374831398
-3786.65766933628038
-3965.05830200415221
-4150.38015366960644
-4191.08919400622563
-4330.49353213289123
-4482.12966049382612
-4564.87391342985939
-4606.35126014943580
-4721.53567691818807
-4649.30000795598517
-4701.60843442357327
-4762.61514479950165
-4798.45488206702612
-4740.51612645731711
-4777.76947710628065
-4592.96644770649800
-4635.34543404877422
-4558.24365309493169
-4566.67278508951858
-4494.88525110396495
-4533.62809717200162
-4485.94644835799045
-4315.32857894983044
-4140.37468511903535
-3921.05936108213336
-3719.85735666551227
-3503.88036668748737
-3171.62590143152875
-3032.46250750227318
-2730.87262185799818
-2553.03895273716171
-2340.40341733588320
-2280.19003975850092
-1979.41430585012017
-1795.54679689825662
-1488.04185917706263
-1243.26955546461841
-954.38229111081137
-698.12887737364258
-379.25073835566081
-58.46807322514697
245.38255851969924
504.56034292785688
710.05781211556496
1140.73349106810497
1324.99615042118558
1630.82817801777605
1897.70411179014718
2250.28421449460711
2654.56549387370433
2969.58316442672185
3389.48403606146576
3724.28069099886670
3972.94574665606615
4327.86793135715197
4569.67491736482862
4845.30594283825576
5190.28937271727045
5395.05403188649234
5580.70537798421446
5775.67464578626004
6194.63815080695713
6492.52804073296375
6689.69950133690145
6953.58884865746495
7131.67616714463657
7058.99927774020398
6820.22416895567403
6499.19403150975268
6046.11121063133942
5440.64014511453843
4876.38543274394669
4165.51721085594363
3521.28639475128739
2931.45122967731004
2270.56838472886420
1611.06027275245651
992.37500926967357
412.94934933741968
-128.79723694422503
-573.86308250016839
-1045.97482341694422
-1398.82719207076525
-1834.60741183346659
-2167.81395423002323
-2501.72287785961225
-2792.56840355809345
-3083.04425006818019
-3389.99960895417098
-3427.28249904609402
-3541.57557497835660
-3639.29626171288328
-3770.34359832323753
-3907.07025837393621
-3963.89978621299133
-3972.92088476221716
-4097.24093624178295
-4202.27025561548726
-4304.92210145555327
-4454.19056182297027
-4622.40852357880340
-4683.87176766511129
-4865.81745503372076
-5002.42953902153113
-5042.86841231315429
-5110.10893463523189
-5145.31664324085432
-5194.82498988449242
-5162.37426164215685
-5064.91446783507490
-5266.97190513191254
-5127.71893378680124
-5144.47755748666896
-5140.78721655069330
-4985.64287310065538
-4796.73468562454309
-4706.02368730467879
-4625.31134845386350
-4625.01848546835845
-4617.79492906743326
-4692.74026768950898
-4586.91050993224962
-4597.97398552652339
-4454.98981397811349
-4236.41419930014308
-3974.39385515220647
-3804.46637157829537
-3492.29866340025637
-3240.28320936621230
-3061.86025476549594
-2804.68218150468101
-2684.48102473088920
-2557.79322278115797
-2429.08863520358682
-2198.57173884952044
-1985.71390864825730
-1827.99171851887513
-1588.19078648106347
-1203.09709985848713
-1012.36056070997302
-633.71131549175607
-143.01360317345632
129.84122623840497
607.19049630935922
1223.82170769110621
1687.21768334751232
2236.94623933942694
2634.87817423467095
3160.70974824354835
3425.71472204296788
4055.41223914384727
4444.47792480078715
4684.57246180355378
5137.43868403291344
5491.01266793254581
5963.50834208978449
6287.40660917952755
6748.65709012380739
7224.99863267876390
7571.88186045729526
8054.74136301931321
8455.94396189436884
8949.10529892542399
9337.07734372083360
9652.67151434792322
9877.93051269178068
9668.76893025380195
9568.87441717582078
9198.64674348170229
8764.08675149429837
8184.26702705883145
7658.14158991743807
7061.14856819283978
6343.61032776628781
5843.55055978947348
5015.76198776973797
4441.59588183148117
3751.42978172004405
3290.39568927493065
2729.81221663728684
2277.51480815724562
1813.34610152817731
1386.47236731886346
1034.45806879345014
760.97102521850013
267.54325336470117
-130.19310312353301
-558.66012634191611
-876.02891039288886
-1206.08230237533894
-1565.65869855204596
-1738.10062496802493
-1969.33990766488455
-2256.65006252924650
-2357.55892104115628
-2495.74762790426212
-2663.17994806577371
-2844.67678477888421
-2942.17443219605411
-3275.59587675321882
-3558.77594016006879
-3919.06567648078590
-4039.09503536046259
-4455.32224730852158
-4692.61538026169092
-5092.21569163567347
-5190.57953287836426
-5403.86073444078829
-5625.94458278506227
-5783.68303732418372
-5947.42930957390308
-6069.00793000534759
-6203.63303172998894
-6331.65352991514646
-6486.88786295769569
-6510.65056043424647
-6624.83317208004974
-6646.70116112892265
-6611.88987556727534
-6695.07641352521659
-6727.78961003120003
-6775.95097635383263
-6596.24166254198099
-6563.00842366828419
-6460.58751921978910
-6183.84539920572297
-5902.19647592378169
-5530.18424530824632
-5288.94592647749596
-4971.80569644945990
-4763.33525263794763
-4562.88782306815847
-4417.74294314247072
-4110.48134752476017
-3881.80533918928722
-3541.06257771739320
-3181.92574368898249
-2789.35297700967294
-2444.56019945025628
-2049.61941969848021
-1602.86791965964949
-1276.43964337419561
-903.77717208544573
-567.86587819018007
-146.70925525466458
355.10877942395894
817.11953846750441
1370.17706589243721
1887.55208025913294
2447.49575615575714
3275.28079966539826
3617.57535415354141
4021.45024122323503
4569.65640828869346
5048.12639906005006
5461.15381421967777
5893.26219955365741
6389.75375859854284
6847.96876820958823
7361.31539560601323
7882.37269285386537
8218.45497317662921
8454.10195172483691
8585.66863315561932
8411.71468098428886
8090.06292777583803
7574.52153247384103
7095.23664203879252
6427.84643814109859
5767.80102363759033
5232.12295955366062
4583.99030238318846
3919.91926302307456
3382.77102940741088
2788.29662807376417
2257.93652982510912
1745.56529458722571
1287.92623685921058
914.60917851200247
435.05182588090395
156.00176729083344
-246.81764474188162
-611.95034274141767
-906.28270024721371
-1300.80579814760790
-1658.12757659025351
-1769.57898412476356
-1987.13253891122918
-2179.70828295082038
-2234.95040591717134
-2339.98933286602596
-2333.49144570069166
-2383.00633594828696
-2513.47370428404884
-2679.39620219807102
-2904.77029579249665
-3013.05584487836995
-3117.38723305220128
-3396.84475443281417
-3545.64369527287408
-3627.88345927375076
-3829.77880871511343
-3953.40365355860877
-4108.31246594951699
-4102.83412752903951
-4249.75854976543087
-4381.47575594983482
-4376.72057398466586
-4343.31149880436988
-4241.14570643653769
-4263.63074443037567
-4204.88126298853786
-4160.25547705154713
-4034.39652762520473
-3983.28646933172377
-3939.19356845158063
-3694.47001354147869
-3602.98031807571488
-3462.44072663371207
-3210.49840190570103
-3021.89419149626428
-2716.66058279713434
-2376.87852717050191
-2222.77172996934451
-1881.86488502748057
-1725.87662500672786
-1357.37836514053015
-1136.51404290421851
-809.35763123040158
-531.06854287138469
-272.31571804444064
36.34250664697148
311.93892380843187
549.94217523643192
814.45587378786422
1245.32020819007244
1595.54218312826742
1933.63187697743433
2348.60047433124191
2657.62296297960984
3081.61217666861967
3491.20642192894184
3798.04202453910102
4222.13769034411234
4528.97096452989263
4819.14235048930732
5047.99928266073948
5463.21241535068657
5581.62290204392593
5814.02579749804318
6229.85236109641119
6489.41233395887866
6864.41244860565530
7201.42604146489157
7535.96477152434181
7711.93992866794270
8109.80318578884999
8441.54119077218820
8794.34192208572676
9034.37422923613303
9141.91954815937970
9073.25120508049076
8892.54413210744679
8340.52818529075739
7947.65250847103471
7404.82609884671001
6718.48795885290474
5978.90419365005164
5386.86418495718772
4676.12604728014139
3980.62531014151273
3179.41857255086416
2522.32674016618375
1919.57731245588525
1227.90406115788892
689.94836857072266
171.32639221117296
-334.91910616792711
-794.75761208062590
-1292.70205278380377
-1691.35099108917666
-2045.83463070109224
-2305.25395465955307
-2609.45713964209699
-2752.50390850806480
-3041.82753219713777
-3137.81856429107847
-3356.83958581794650
-3470.70313754705876
-3739.61858947045585
-3950.52379539764070
-3988.40702130491809
-4167.86601576390240
-4282.11019672326802
-4314.19129899167910
-4336.31006216211972
-4539.19332589822989
-4484.33283185800155
-4707.36180950549260
-4949.77288411742484
-4968.19799947375122
-5054.05637079296957
-5152.07674632883572
-5133.01462174009976
-5203.63913474788660
-5247.18936374901114
-5353.66183122955499
-5346.56838528785465
-5348.89555455530899
-5326.78022985421649
-5436.18360415170719
-5509.51875957443372
-5355.15077584342544
-5251.17902993174994
-5108.52301538235133
-4830.09622010539897
-4647.70457822625849
-4351.09771677346907
-4116.83373653862236
-3860.33362411352800
-3573.66552509443954
-3312.18093115780312
-2926.25329261112120
-2596.92671186893313
-2251.24048953316196
-1730.68894842730674
-1471.24112839655641
-1168.20315801700485
-753.05540983662399
-386.35282007293495
-56.63623120359434
226.18183960618771
504.78720505838857
804.04428648025646
1145.24379907698130
1512.22957971525216
1724.86133597178696
2168.94802661305584
2522.62118203139926
2972.89990277869629
3352.97208560873469
3701.91138944544946
4188.02093776681795
4615.95201764975900
5125.45350872743074
5413.33313251799063
5692.47053161927852
6067.02586839839660
6350.59929133267815
6650.90869436651428
7007.04313608772827
7326.17389814559101
7370.22688100556479
7703.28277330823403
7862.68414062743523
8239.57161434246336
8505.82677825029350
8704.98698917378533
8901.11139122274290
8838.33200622057120
8657.45238736464307
8285.44581166200442
7910.47247756899287
7257.28961314355820
6675.47043625847164
5949.56200151402936
5275.88415774392342
4522.78666173928104
3746.68490887391908
3079.75045617480964
2308.33813937175228
1632.34240739421944
1037.73848216529245
457.88777097652087
-101.67152033193025
-638.97471739612774
-1088.79463990149043
-1421.58762631940817
-1844.90712196841400
-2204.45804902371719
-2677.48169553510797
-2893.10918926939121
-3291.53237361380479
-3473.39509260718251
-3859.29565683295596
-4046.31580141529503
-4281.27323879839332
-4484.80055076054123
-4665.76637609820318
-4849.97909424946920
-5008.88324183880286
-5129.08181088816764
-5283.63435679565919
-5375.37285009798416
-5578.06520235656444
-5665.30067549769592
-5774.30710760993225
-5875.65455085075337
-5825.84602730616825
-5865.53491490674969
-5990.26598245958849
-5909.48414482925727
-5931.57639049781301
-5994.16242615352985
-5959.09385325524545
-5973.43136337207397
-5942.70882514621553
-5974.76917474552920
-5916.31737057234204
-5929.56367995662822
-5743.58360955927674
-5722.03827519459446
-5593.12202606603660
-5465.59620298034042
-5291.37585389158903
-5150.72012534598798
-5031.19135661712335
-4824.09586101929563
-4533.95215228807865
-4148.38042396083165
-3852.87640698187988
-3454.15440069545366
-3185.83477763126302
-2794.01850550462223
-2392.01421665922362
-2056.59637013886686
-1724.59843307409187
-1380.08276049427946
-1027.61292452685348
-741.26543917546724
-487.25819337221088
-38.41417918990874
376.08863244643504
639.37260080196552
1008.01893574546102
1382.99236941865911
1771.30196437109021
2111.33151359342037
2532.19202339939648
2832.34028342514148
3228.23567850220206
3538.84001958896351
3944.95942115584148
4315.45312866406130
4580.68373169106962
4916.12490317053926
5250.36820898731094
5519.13288808071957
5732.12996747193756
6042.56808687365174
6464.59137982280572
6979.32074184886551
7263.95056341843519
7807.61355712804016
8044.20026315915857
8535.04121965577906
9021.49150215375448
9365.21041452585632
9618.62197373665913
9564.16497739419538
9424.63709126537469
9157.30420434405642
8711.46271392889139
8187.08705479827495
7650.31780506547966
6940.94396169458196
6497.68175559875363
5773.51245153441687
5111.79932798004302
4337.22402863393381
3672.86091138252641
3063.69471317005127
2222.09338201398168
1773.95755007515049
1180.27797062042623
778.11278181964133
388.45846124669538
-81.25215761811667
-462.44352683124703
-875.31239140535683
-1306.36840452323554
-1807.16736962341224
-2199.31652155410529
-2461.31232600540852
-2836.37933638363256
-3073.99248005932623
-3150.03796211303279
-3339.00709871843537
-3521.45074020305401
-3739.22022623689008
-4024.34752162844234
-4202.08605273089506
-4567.37249031083502
-4744.91240834514429
-4911.11519716139719
-5112.28443866383077
-5252.12177212309416
-5465.16222725308762
-5713.02304293886937
-5782.63775414521842
-6082.14925562621011
-6282.61383985540851
-6351.88246853829150
-6388.85961993573346
-6460.37936216674734
-6526.31958674465204
-6566.16325952339230
-6575.44258502978028
-6733.27809694469761
-6693.83328235330100
-6752.98530296692388
-6827.82514631004597
-6874.64503026769853
-6878.26328342124816
-6710.33716090112648
-6633.81184885888979
-6530.17597762253990
-6311.22629031340603
-6050.10539806264751
-5727.29120560282354
-5439.13573782268031
-5181.27316029852955
-4951.10463128136689
-4664.03093325351165
-4436.87628244308326
-4169.88645224791617
-3951.35620631715119
-3694.00013921737309
-3415.70416912554674
-3168.22554331841002
-3031.82379172149422
-2562.71009659311721
-2359.88892494334550
-2009.89689781803077
-1658.97835579951584
-1361.58819423353248
-909.26681108702235
-442.95344002732122
127.21627161611816
628.17145107983833
1074.01350731958632
1643.73097988264612
2030.57912649150580
2532.09432538800183
3070.58647490397334
3587.95393202607420
4025.21167143922457
4640.65883037422373
5121.28577771657638
5687.04967221766492
5992.87649819111903
6464.65078500056643
6874.96643481142200
7456.27712237345258
7761.00869546385547
7971.74941534732261
7889.71017907548594
7681.59792684500098
7381.38827781909913
6921.50145772084397
6528.50438944548478
6090.29333184905954
5557.16206695384426
5025.59203158074160
4454.82372720622880
3894.11904426680439
3304.50929185227915
2697.83239472674040
2251.68708617356970
1796.05144812978801
1389.04243049868433
1048.65334738131423
782.15444381800762
562.02872512363888
316.18118222565482
52.73158999299106
-217.51938379815329
-418.71383840832539
-748.60810852773170
-1068.93753543470211
-1354.61796935700931
-1515.52535761047670
-1695.96250334948900
-1847.73364285373123
-1900.37572599276746
-1901.99115052583761
-1939.91425910017006
-2093.44259461384445
-2104.96653149778103
-2125.08566377265834
-2156.46322863562364
-2190.17170812263203
-2207.47896123022019
-2204.80860338976754
-2320.28558179655693
-2346.21491835913366
-2360.99995498312546
-2527.70757569724583
-2410.48207175701918
-2470.09081734884148
-2445.38844648479198
-2391.62487899340113
-2438.91852336374905
-2364.44588281113147
-2309.91723267252519
-2102.45547357292207
-2253.65545796708193
-2215.37348067445964
-2236.23907441755455
-2154.92400766173387
-2105.11538369658456
-1952.24812645464931
-1850.53484061386052
-1708.20647900102927
-1454.00722766966214
-1294.76904395706401
-1061.21495930632295
-864.81328530242513
-698.49227547950784
-563.18729269286791
-194.25581413740721
-12.45382707147417
257.53540213582880
440.95732623230759
709.75386938965050
902.53802949534611
1215.30841330104090
1530.32505351258828
1791.33621554442675
1980.43239086028734
2309.65225966548542
2565.00125873732259
2911.25656189002711
3231.55014511319041
3549.82643316503345
3882.90010570848608
4351.84314653444380
4446.72960824799429
4696.87940774614708
4950.70126654637534
5247.30756300759367
5471.62033944990162
5764.35202726066927
6064.78226087672829
6330.00802982372988
6567.93472530179315
6840.83725296016382
7073.73480113010646
7386.82384453743998
7722.92351683388279
7987.41141577148483
8206.88974240530661
8098.74577296615007
7973.12228441059233
7547.54788437030402
6982.58081069420859
6270.40763655856244
5659.03676823711248
5002.54003053353244
4279.76797000189163
3641.59044673204653
3019.61497546113060
2285.73316561851107
1667.45436463988358
989.43511691719743
441.73057734209459
-134.10220177036692
-581.91646707757695
-1037.91932413665154
-1357.60020865561341
-1730.68989606812056
-2070.63751468071723
-2354.17771901316883
-2772.83693315863411
-3234.69517019943260
-3456.21433134819381
-3820.54231871932143
-4021.01005624916615
-4192.13908837378949
-4391.82250604985984
-4513.07563527962520
-4679.75484264073657
-4791.12394415663130
-4899.74723558515598
-5028.78003814476233
-5214.73415817142086
-5360.42153112241067
-5491.64860471091470
-5508.57287523319519
-5484.28273118435845
-5562.28319574076431
-5637.40071124125825
-5602.67829050673117
-5642.61150879846446
-5647.58026317862368
-5687.09928511721955
-5705.01317996805119
-5691.51349681149077
-5655.51712123913512
-5679.91407662401343
-5523.18553355439053
-5557.89403126331490
-5589.74279139617011
-5542.06640231092570
-5528.04731375859683
-5376.57264205884803
-5266.81022181878234
-5224.62898693888383
-5019.21389513642407
-4887.67431816334829
-4705.27673248967949
-4439.98753632830812
-4179.22154499183944
-3833.94100830590969
-3406.04054509609841
-2975.87030208369652
-2526.64403451566932
-2073.66401134442094
-1643.81806147660905
-1244.37778184047784
-853.19288815441882
-507.81642472896482
-218.15558384516365
203.74305755371176
632.08956065928680
1099.71676618439665
1574.38603980974312
1948.99821461385181
2439.98579500887763
2845.77865393047932
3366.75324705408684
3746.96385523927711
4096.78860940356026
4485.62396319583968
4851.84805388567111
5166.81957503023477
5524.89660531455775
5758.41687186057788
5959.98659970783683
6382.63124417855488
6705.37478457613270
6955.72311387447553
7278.84287511652201
7500.83292190375687
7905.88626596019458
8159.65235542006485
8614.03182208343060
8854.44214357962301
9185.55135121408421
9188.36669486313804
9039.32426460044735
8727.77888454631648
8259.19214721126627
7743.35456982297001
7004.90378427798260
6268.69847655886952
5553.73653506289338
4690.07915175028847
4030.06601863999549
3336.00258285411473
2752.51281509500222
2039.19270342713025
1402.16162270651830
784.61451219526987
243.80522015411972
-213.84155082247943
-642.53548221711674
-901.33560074912612
-1324.35939205780187
-1702.93986472954361
-1933.58487738862459
-2351.31350021403387
-2586.15981247936497
-2820.75171480368090
-3021.16539374941522
-3156.16398776651158
-3369.20388483133820
-3496.25804841133004
-3613.05571403768181
-3722.25431022811699
-3820.27491168056622
-3973.05192714049281
-4072.71935008737319
-4162.92869748399607
-4261.49032057601562
-4350.56300821985496
-4357.94734860523749
-4371.88512227088268
-4280.10351501371315
-4295.64494113301953
-4321.38187003246730
-4173.73851109370571
-4096.07508726268043
-4064.37341508453028
-4002.01567164056269
-3876.06208763989571
-3883.51657202816978
-3769.50836925171143
-3713.20986320521570
-3444.62480123067644
-3314.09060519147260
-3179.96623440921621
-2954.97125645770348
-2774.65173965590930
-2547.28871879059898
-2308.61746236716544
-2122.00282981357805
-1787.89554005734067
-1459.70625116039832
-1253.41380053701164
-856.29836663278127
-656.16959809042635
-410.70539679014496
-284.86081293668866
-215.40359321948512
-65.11125555208771
23.38129941276101
118.66954109090409
385.59077750911501
638.68452395555425
936.67261225841617
1258.94450092139732
1511.80408909556081
1824.37337320678785
2002.25870200276381
2193.32712432123526
2488.40524106716703
2624.48540838857980
2907.18428051546653
3138.55169799203577
3323.84171762823280
3533.38119278433487
3735.00229703441346
3986.54578873749460
4214.82957593419178
4402.82264967988249
4656.48894736023703
4955.21828335370446
5290.85531482017723
5517.98883525094334
5853.06103862108921
6082.03742531373064
6286.79013470737482
6709.60708015320597
7152.44914218819849
7394.09571902563857
7555.61322153999572
7389.16107101509169
7295.79739584064737
6942.23386565115470
6426.60997355320887
5773.16599882999708
5164.82433469853277
4400.39763797449996
3563.04195121028124
2923.08538320219122
2108.24679805090045
1440.52888801349127
753.51717418359999
43.88626688163566
-627.51664816720347
-1302.34367953870060
-1934.02082861868143
-2515.20291158812142
-3002.02825012195763
-3479.00098872119770
-4000.32895314047028
-4329.68282787275712
-4589.94963472676773
-4896.02384026351137
-5277.22738408803161
-5457.18160528640874
-5758.44838729616913
-5987.55629624410358
-6214.84441016015717
-6386.77947051841966
-6597.78113483697871
-6832.63747580439485
-7052.06233089619946
-7279.15413847425134
-7536.11389942148253
-7799.67778141257895
-8019.84126361084327
-8192.06408068193014
-8361.72785608347840
-8587.57916942076918
-8628.01759912986927
-8610.45700618004048
-8510.83611532830037
-8324.73066753660351
-8257.17143226628468
-8048.84283952131227
-7900.32240092417851
-7659.26104414158817
-7401.48184604183007
-7002.30188600575548
-6761.28574866620693
-6439.66933524521482
-6249.64486375559864
-5869.54329776169379
-5587.32479697864710
-5345.13674737470410
-4985.29758270185266
-4621.08520749800300
-4338.15147904625428
-4077.74423052225120
-3869.32415039597572
-3551.62064243963505
-3140.74831035442139
-2908.62183277727263
-2620.01043428245794
-2114.56341192161244
-1650.86506676804333
-1153.29764902148372
-736.07332760950396
-351.17901381921189
109.11998288432929
535.08422848005318
866.00253064221454
1110.71440822302156
1442.95976631775693
1608.68591535458563
1901.08041160839912
2200.67083420685549
2465.51137277351654
2817.64277857080924
3146.47573934583215
3495.59961609654556
3816.80472871282427
4185.76248899629354
4458.89798542344943
4730.61414733157289
5033.82291129523765
5333.69288151104047
5826.20117433054384
6244.73031778973109
6715.69161719136173
7246.05640408181989
7762.56367331702222
8231.16613264654370
8769.33017146484235
9123.76822312813420
9251.58056625510108
9137.58677499118494
8759.57713075328502
8406.46463744753601
7704.12838099913643
7074.39554103982209
6430.20919315674200
5774.52230420554315
4944.53517830050441
4150.02344179124157
3532.12643188166976
2804.15133721883740
2233.74970404793294
1725.80401354507148
1194.08052414577742
832.17772732577782
424.58039762056268
27.59493859557252
-412.98023634640123
-753.49153419131801
-1099.85164212632708
-1394.88900367845326
-1722.25617294379958
-1878.63923271263388
-1975.37478930655038
-2089.96037530574495
-2150.17093536823631
-2213.91255315630269
-2246.40873759201804
-2308.24909351791757
-2337.92139850179547
-2459.28656325407383
-2495.84579864656689
-2470.75447992635782
-2490.07084601820816
-2565.37055574663555
-2545.12275247204980
-2612.91091208198077
-2661.76300148620749
-2742.44849473669865
-2803.23920893791046
-2869.94485219429589
-2932.72519347190655
-2922.92422463702405
-2936.77959507213291
-2909.21845215526446
-2945.39514343933433
-3052.40832605664582
-3025.23002928155302
-2962.77257444487941
-3013.86684960352659
-2986.87240191529645
-2960.20108767147622
-2875.02544899567511
-2689.47385442622272
-2760.95412635015964
-2599.27388788742792
-2486.97135571048830
-2254.74671923148799
-2139.71742447665338
-2093.77993738659779
-1825.51475298340324
-1614.82750133796890
-1411.87086081318830
-1146.29693371771623
-932.25325993342437
-720.78334626710330
-464.71150934538576
-159.65637183118574
38.33465315355573
250.40949535091519
498.79178496000787
819.05677865614769
1112.18420006029623
1559.87898861276585
1853.64382542539806
2228.65155903332379
2697.25053956519378
3249.46908810825016
3673.00621977666015
4211.88634014176841
4778.57299597378642
5172.33928683001068
5737.02642832925721
6223.78177770785715
6630.63374313215172
7195.36318226936874
7555.93283721733224
8011.62729963948277
8359.96668771675286
8778.14597879939538
9031.61287826572516
9490.97654406416950
9931.46215008892250
10250.38722714562209
10492.15793175685940
10453.46805734124428
10300.06570137255949
10017.73044510201180
9415.84414812621981
8766.43126878976182
8007.34946924678115
7224.43157822434387
6404.59903636876879
5582.01730812151254
4724.90483550483987
3830.00949601042339
3042.91632244081620
2357.66602326257771
1885.88676346280272
1206.20316685751936
819.67405569014750
224.68215013999512
-270.24050170374471
-567.80872849671732
-865.79440982256551
-1464.45185976621110
-1811.07028854820942
-2172.90938746715437
-2579.28308863205984
-2815.30873271121663
-3133.14109627963262
-3194.95384215136801
-3335.85149961570187
-3513.94459873065944
-3599.99306295258430
-3762.44072077930650
-3821.25535169253089
-3926.17510203741631
-3984.52246399733485
-4061.37275177663696
-4079.20680173265509
-4235.89605415693131
-4311.29875861069104
-4457.80918399905204
-4465.98019290816774
-4601.40793533827309
-4696.53054952256934
-4645.29124969391614
-4673.20388621059283
-4702.75355299765761
-4897.92573463129611
-4715.05550422020133
-4661.31029821170705
-4641.37913448685958
-4676.67586877166013
-4780.56826866245410
-4783.70582617347827
-4810.86052207480316
-4877.17989637492519
-4833.82005939676492
-4890.22658127999239
-4774.57628943514010
-4657.13085459409831
-4317.82469280168152
-4098.11336034156284
-3801.14143553117219
-3591.00282670441129
-3332.32436493845398
-3039.46629322236276
-2898.79508890622355
-2597.56362419676543
-2267.77898593573627
-1817.77945605138075
-1639.85129904996734
-1230.55210539765812
-820.85008955192393
-526.75408941459648
-113.99891951896765
211.39916097670817
614.18205298115561
955.17438397176568
1448.12454538325392
1771.13093974910703
2250.23422827413515
2599.18360742594678
3086.97295359595910
3499.52925254480806
3909.76249136705883
4223.04498370184865
4553.31936231763393
4900.45129832877319
5259.84151544308406
5486.97201955308265
5756.41298260025360
6109.04078770187607
6441.32649300832418
6806.59063080121177
7150.30705116407080
7578.36392158684794
8032.63758265027263
8454.09874612430576
8762.34108818467757
8998.20045116124129
9043.91442096964420
8822.79159061791506
8452.52318849833682
7967.09217666143195
7297.15339437228158
6610.48485967421129
5862.77373337644713
5048.94142738606934
4147.00332201742822
3322.15310831844317
2436.55681871983961
1568.95589903809196
954.92635743601238
365.64272439454521
-241.48005562118325
-655.04028208384784
-1148.50775833265925
-1515.87615722566738
-1925.47803965910725
-2169.55966409262328
-2686.52513466870460
-3118.85877209497312
-3419.20214213957024
-3812.94569494103325
-4040.64985108357450
-4286.74005671460600
-4483.43521003004844
-4600.40213133936140
-4785.57104012488253
-4931.97050596327426
-5122.45979361319951
-5185.89789028875384
-5409.24999008271789
-5513.52680875245642
-5593.18197190585852
-5764.95622630233993
-5904.04530304081800
-5982.79245310750048
-6040.40098995626795
-6153.50929248832108
-6189.30785383991770
-6301.96976088764677
-6244.61259458734366
-6221.34885812172433
-6082.48512615573054
-5976.91200464908979
-5794.17704178127406
-5693.87844091635998
-5717.94404451110950
-5664.06931969402012
-5681.98711651857047
-5525.72411148655192
-5539.32417378024911
-5421.55945868940762
-5251.77949735666334
-5079.05458813360019
-4827.69233271752728
-4549.46716133428617
-4147.34006958301507
-3805.03725398643792
-3274.04715591179547
-2957.37214898720458
-2608.26897614584686
-2238.44208110202453
-1961.19540343855510
-1644.72446977646882
-1497.66213262562792
-1056.63671298235317
-955.41429246183850
-686.93581093018349
-400.99507377604323
-208.18226506731585
206.92481764246529
488.61306825160688
709.87228266731984
937.47992083626252
1174.93839162043218
1331.28301786692668
1575.80080258395355
1789.89716108638254
2135.70381439870653
2446.45885786654753
2813.84956278347045
3193.19108094099602
3488.99638836220902
3951.58123101075535
4124.50211604338529
4460.41666540824099
4797.01361056309543
5077.13581966308902
5457.52564860696111
5753.56776735583935
6079.21777614682924
6646.44319655597701
7069.14002548892859
7624.28303737731767
8110.23674436320471
8380.64377413664442
8511.13356622503670
8384.90257581298283
8175.77054151032098
7625.37895994521114
6979.01517405509730
6244.95722267359724
5509.04836402073033
4664.64046930035329
3667.51054969439110
2764.90701154480439
1872.52634671046462
1036.16815130324017
268.63441830797655
-484.13950691924902
-996.40198263215802
-1577.19762984226986
-2133.63018755306803
-2535.38467097375360
-2984.61254519590466
-3403.62105760808390
-3873.35480731737061
-4203.82396345050620
-4522.34814731008191
-4730.78804978305561
-4847.79107150897107
-5084.53142113876129
-5292.99425004667410
-5452.60990323059923
-5572.23558867893371
-5634.00872387159325
-5793.86449079951944
-5903.80960885012064
-5990.53621172152270
-6117.28127022077570
-6089.71815684155081
-6333.82799449141385
-6381.64390316421850
-6469.29329099698225
-6619.00648907023242
-6773.67160868963856
-7004.49818564931775
-7004.81034032425760
-7101.63963151013104
-7279.76957088092513
-7240.55836526489202
-7180.93681980517886
-7008.21598013527000
-6997.79955227851133
-6924.18929847167419
-6898.76784757902988
-6810.99653504468188
-6699.18348330390563
-6484.90291696191798
-6267.11013335640655
-6046.73211191332484
-5809.54464709195418
-5484.29425489501318
-5202.94621589691542
-4772.17295906868367
-4582.41558827786321
-4155.13327911505803
-3825.51004532575871
-3540.14249742542370
-3245.60661411500632
-2858.18153335268880
-2511.62680159081083
-2214.03030651167683
-1882.56000466337628
-1591.24079019260580
-1352.58979938200036
-942.05357176518032
-631.52538644801837
-242.82175936717164
170.50711349251392
594.11139230611298
1085.82032683594684
1654.42012089391687
2314.90157562996819
2851.40611092504196
3463.40577055127142
4141.80863011837482
4612.81966208077665
5259.51259469181423
5812.55808762908691
6373.38538532136954
6972.12550546317289
7547.99264259673146
8287.05786765410085
8837.95232961754482
9514.18631712884780
10286.11775857467183
10941.37261467328244
11387.92856591302188
11762.87520524682805
11788.04971029297667
11563.28435022769554
11248.22116464155806
10680.82903322450875
9937.11891238054341
9201.89391224742394
8455.87473285608939
7686.02089783748488
6886.42782752801486
5907.72446331140509
5189.66739104398494
4397.48481175737834
3567.15515498815057
2852.30386683159441
2121.33559461619870
1490.40186126948834
938.37241031784242
457.44978831961464
-24.35757899316801
-464.08205165358925
-861.54950881529066
-1128.37941451125221
-1418.64121405080641
-1749.15589963484058
-1914.82891235971761
-2051.94822459361603
-2145.31686913249268
-2135.19803985373983
-2222.11581035399240
-2295.53848177536520
-2291.27928376891987
-2336.78222224058982
-2483.72075938295347
-2578.75808536015711
-2666.41509928146661
-2823.29636684259503
-2996.75807550567197
-3020.97137631678652
-3021.57803023559745
-3191.06530257412896
-3242.40510574719519
-3292.31208229300546
-3342.54108797996332
-3315.53262708972443
-3189.90174656646241
-3294.52846816253532
-3034.95570665050491
-2995.87983022370645
-2885.00443190820033
-2771.87171129196349
-2669.88083375156702
-2555.88763828811079
-2395.16696974238948
-2194.89695903347683
-1962.27171078998322
-1674.19901921305200
-1259.48728103776375
-1004.35184031910751
-637.07576923883403
-230.86696966066245
21.63539825991511
386.80325538274229
536.55956083594822
891.49005734423520
1119.06593397897223
1462.49900402868275
1894.03964093619174
2147.07014210981924
2690.25176952887068
2849.65919923903903
3164.39312507080012
3435.60975881319655
3855.69982193081705
3989.61532926918244
4171.49657695758015
4569.70668840004782
4748.31082898203749
5076.17975778964137
5464.06430152143275
5749.61262414769135
6162.62284620335140
6500.62559955256347
6695.74556814908374
7009.00234719606124
7296.77746086890147
7548.24254188676878
7761.49328036244606
8015.73371100086206
8224.39209381858018
8621.72876410463869
8935.74333721330004
9251.82082407429880
9206.19931316273505
9127.69597751945730
8852.32935642222401
8261.64760337987354
7649.93545063945476
6834.71510071548801
6032.83048779015462
5116.23983667501670
4234.98852847130638
3322.55386826096856
2404.21375278152300
1608.62121708367226
750.68889956329917
70.43659279242367
-622.62054188101786
-1172.30247782373704
-1715.68059213745937
-2175.95121144425320
-2610.91007860819946
-3010.63508772988689
-3432.05480564315803
-3764.55001584852153
-4181.81677246743857
-4324.60227638280321
-4573.42872511007135
-4752.69005241169907
-4878.40651625688315
-4965.72820582390250
-5092.20050353716397
-5080.47946640333066
-5225.59064145579669
-5317.20502331289936
-5389.19091220435985
-5506.61322041468065
-5572.32480185630811
-5707.53142729481078
-5659.12144588312731
-5654.39234535408559
-5609.60726697802875
-5516.79235882456214
-5392.94437038612614
-5377.15931371947227
-5128.15181256184678
-4819.82213294385838
-4644.80811032051406
-4301.09710305827412
-4010.74625718626976
-3694.57749781285156
-3281.44253787069101
